rule_id, collapses, edges_approx, total_cost, rule_details
23, 25, 23, 77191, [('type_0'  'type_0')  ('type_0'  'type_1')  ('type_0'  2334)  ('type_0'  2335)  ('type_1'  'type_1')  ('type_1'  2329)  ('type_1'  2330)  (2329  2330)  (2329  2331)  (2330  2331)  (2330  2332)  (2331  2332)  (2331  2333)  (2332  2333)  (2332  2334)  (2333  2334)  (2333  2335)  (2334  2335)]
542, 9, 0, 76874, [('type_0'  'type_0')  ('type_0'  'type_1')  ('type_0'  1813)  ('type_1'  'type_1')  ('type_1'  1802)  (1802  1804)  (1804  1805)  (1805  1812)  (1812  1813)]
16, 8, 7, 76115, [('type_0'  'type_0')  ('type_0'  'type_1')  ('type_0'  2334)  ('type_1'  'type_1')  ('type_1'  2329)  (2329  2330)  (2329  2331)  (2330  2331)  (2330  2332)  (2331  2332)  (2331  2333)  (2332  2333)  (2332  2334)  (2333  2334)]
23, 5, 5, 75337, [('type_0'  'type_0')  ('type_0'  'type_1')  ('type_0'  2334)  ('type_0'  2335)  ('type_1'  'type_1')  ('type_1'  2329)  ('type_1'  2330)  (2329  2330)  (2329  2331)  (2330  2331)  (2330  2332)  (2331  2332)  (2331  2333)  (2332  2333)  (2332  2334)  (2333  2334)  (2333  2335)  (2334  2335)]
542, 2, 0, 75263, [('type_0'  'type_0')  ('type_0'  'type_1')  ('type_0'  1813)  ('type_1'  'type_1')  ('type_1'  1802)  (1802  1804)  (1804  1805)  (1805  1812)  (1812  1813)]
23, 2, 2, 74959, [('type_0'  'type_0')  ('type_0'  'type_1')  ('type_0'  2334)  ('type_0'  2335)  ('type_1'  'type_1')  ('type_1'  2329)  ('type_1'  2330)  (2329  2330)  (2329  2331)  (2330  2331)  (2330  2332)  (2331  2332)  (2331  2333)  (2332  2333)  (2332  2334)  (2333  2334)  (2333  2335)  (2334  2335)]
16, 3, 2, 74652, [('type_0'  'type_0')  ('type_0'  'type_1')  ('type_0'  2334)  ('type_1'  'type_1')  ('type_1'  2329)  (2329  2330)  (2329  2331)  (2330  2331)  (2330  2332)  (2331  2332)  (2331  2333)  (2332  2333)  (2332  2334)  (2333  2334)]
23, 4, 4, 74032, [('type_0'  'type_0')  ('type_0'  'type_1')  ('type_0'  2334)  ('type_0'  2335)  ('type_1'  'type_1')  ('type_1'  2329)  ('type_1'  2330)  (2329  2330)  (2329  2331)  (2330  2331)  (2330  2332)  (2331  2332)  (2331  2333)  (2332  2333)  (2332  2334)  (2333  2334)  (2333  2335)  (2334  2335)]
542, 2, 0, 73958, [('type_0'  'type_0')  ('type_0'  'type_1')  ('type_0'  1813)  ('type_1'  'type_1')  ('type_1'  1802)  (1802  1804)  (1804  1805)  (1805  1812)  (1812  1813)]
16, 9, 9, 73025, [('type_0'  'type_0')  ('type_0'  'type_1')  ('type_0'  2334)  ('type_1'  'type_1')  ('type_1'  2329)  (2329  2330)  (2329  2331)  (2330  2331)  (2330  2332)  (2331  2332)  (2331  2333)  (2332  2333)  (2332  2334)  (2333  2334)]
50, 8, 0, 72948, [('type_0'  'type_0')  ('type_0'  'type_1')  ('type_0'  2332)  ('type_1'  'type_1')  ('type_1'  2329)  (2329  2330)  (2330  2332)]
23, 5, 7, 72178, [('type_0'  'type_0')  ('type_0'  'type_1')  ('type_0'  2334)  ('type_0'  2335)  ('type_1'  'type_1')  ('type_1'  2329)  ('type_1'  2330)  (2329  2330)  (2329  2331)  (2330  2331)  (2330  2332)  (2331  2332)  (2331  2333)  (2332  2333)  (2332  2334)  (2333  2334)  (2333  2335)  (2334  2335)]
542, 2, 0, 72104, [('type_0'  'type_0')  ('type_0'  'type_1')  ('type_0'  1813)  ('type_1'  'type_1')  ('type_1'  1802)  (1802  1804)  (1804  1805)  (1805  1812)  (1812  1813)]
23, 2, 2, 71800, [('type_0'  'type_0')  ('type_0'  'type_1')  ('type_0'  2334)  ('type_0'  2335)  ('type_1'  'type_1')  ('type_1'  2329)  ('type_1'  2330)  (2329  2330)  (2329  2331)  (2330  2331)  (2330  2332)  (2331  2332)  (2331  2333)  (2332  2333)  (2332  2334)  (2333  2334)  (2333  2335)  (2334  2335)]
542, 1, 0, 71769, [('type_0'  'type_0')  ('type_0'  'type_1')  ('type_0'  1813)  ('type_1'  'type_1')  ('type_1'  1802)  (1802  1804)  (1804  1805)  (1805  1812)  (1812  1813)]
23, 1, 2, 71627, [('type_0'  'type_0')  ('type_0'  'type_1')  ('type_0'  2334)  ('type_0'  2335)  ('type_1'  'type_1')  ('type_1'  2329)  ('type_1'  2330)  (2329  2330)  (2329  2331)  (2330  2331)  (2330  2332)  (2331  2332)  (2331  2333)  (2332  2333)  (2332  2334)  (2333  2334)  (2333  2335)  (2334  2335)]
50, 2, 0, 71609, [('type_0'  'type_0')  ('type_0'  'type_1')  ('type_0'  2332)  ('type_1'  'type_1')  ('type_1'  2329)  (2329  2330)  (2330  2332)]
23, 4, 5, 70993, [('type_0'  'type_0')  ('type_0'  'type_1')  ('type_0'  2334)  ('type_0'  2335)  ('type_1'  'type_1')  ('type_1'  2329)  ('type_1'  2330)  (2329  2330)  (2329  2331)  (2330  2331)  (2330  2332)  (2331  2332)  (2331  2333)  (2332  2333)  (2332  2334)  (2333  2334)  (2333  2335)  (2334  2335)]
542, 2, 0, 70919, [('type_0'  'type_0')  ('type_0'  'type_1')  ('type_0'  1813)  ('type_1'  'type_1')  ('type_1'  1802)  (1802  1804)  (1804  1805)  (1805  1812)  (1812  1813)]
23, 2, 2, 70615, [('type_0'  'type_0')  ('type_0'  'type_1')  ('type_0'  2334)  ('type_0'  2335)  ('type_1'  'type_1')  ('type_1'  2329)  ('type_1'  2330)  (2329  2330)  (2329  2331)  (2330  2331)  (2330  2332)  (2331  2332)  (2331  2333)  (2332  2333)  (2332  2334)  (2333  2334)  (2333  2335)  (2334  2335)]
542, 1, 0, 70584, [('type_0'  'type_0')  ('type_0'  'type_1')  ('type_0'  1813)  ('type_1'  'type_1')  ('type_1'  1802)  (1802  1804)  (1804  1805)  (1805  1812)  (1812  1813)]
23, 2, 4, 70288, [('type_0'  'type_0')  ('type_0'  'type_1')  ('type_0'  2334)  ('type_0'  2335)  ('type_1'  'type_1')  ('type_1'  2329)  ('type_1'  2330)  (2329  2330)  (2329  2331)  (2330  2331)  (2330  2332)  (2331  2332)  (2331  2333)  (2332  2333)  (2332  2334)  (2333  2334)  (2333  2335)  (2334  2335)]
50, 2, 0, 70270, [('type_0'  'type_0')  ('type_0'  'type_1')  ('type_0'  2332)  ('type_1'  'type_1')  ('type_1'  2329)  (2329  2330)  (2330  2332)]
23, 3, 4, 69812, [('type_0'  'type_0')  ('type_0'  'type_1')  ('type_0'  2334)  ('type_0'  2335)  ('type_1'  'type_1')  ('type_1'  2329)  ('type_1'  2330)  (2329  2330)  (2329  2331)  (2330  2331)  (2330  2332)  (2331  2332)  (2331  2333)  (2332  2333)  (2332  2334)  (2333  2334)  (2333  2335)  (2334  2335)]
542, 1, 0, 69781, [('type_0'  'type_0')  ('type_0'  'type_1')  ('type_0'  1813)  ('type_1'  'type_1')  ('type_1'  1802)  (1802  1804)  (1804  1805)  (1805  1812)  (1812  1813)]
23, 4, 5, 69165, [('type_0'  'type_0')  ('type_0'  'type_1')  ('type_0'  2334)  ('type_0'  2335)  ('type_1'  'type_1')  ('type_1'  2329)  ('type_1'  2330)  (2329  2330)  (2329  2331)  (2330  2331)  (2330  2332)  (2331  2332)  (2331  2333)  (2332  2333)  (2332  2334)  (2333  2334)  (2333  2335)  (2334  2335)]
542, 2, 0, 69091, [('type_0'  'type_0')  ('type_0'  'type_1')  ('type_0'  1813)  ('type_1'  'type_1')  ('type_1'  1802)  (1802  1804)  (1804  1805)  (1805  1812)  (1812  1813)]
23, 2, 3, 68791, [('type_0'  'type_0')  ('type_0'  'type_1')  ('type_0'  2334)  ('type_0'  2335)  ('type_1'  'type_1')  ('type_1'  2329)  ('type_1'  2330)  (2329  2330)  (2329  2331)  (2330  2331)  (2330  2332)  (2331  2332)  (2331  2333)  (2332  2333)  (2332  2334)  (2333  2334)  (2333  2335)  (2334  2335)]
542, 1, 0, 68760, [('type_0'  'type_0')  ('type_0'  'type_1')  ('type_0'  1813)  ('type_1'  'type_1')  ('type_1'  1802)  (1802  1804)  (1804  1805)  (1805  1812)  (1812  1813)]
16, 3, 3, 68457, [('type_0'  'type_0')  ('type_0'  'type_1')  ('type_0'  2334)  ('type_1'  'type_1')  ('type_1'  2329)  (2329  2330)  (2329  2331)  (2330  2331)  (2330  2332)  (2331  2332)  (2331  2333)  (2332  2333)  (2332  2334)  (2333  2334)]
23, 4, 5, 67841, [('type_0'  'type_0')  ('type_0'  'type_1')  ('type_0'  2334)  ('type_0'  2335)  ('type_1'  'type_1')  ('type_1'  2329)  ('type_1'  2330)  (2329  2330)  (2329  2331)  (2330  2331)  (2330  2332)  (2331  2332)  (2331  2333)  (2332  2333)  (2332  2334)  (2333  2334)  (2333  2335)  (2334  2335)]
542, 2, 0, 67767, [('type_0'  'type_0')  ('type_0'  'type_1')  ('type_0'  1813)  ('type_1'  'type_1')  ('type_1'  1802)  (1802  1804)  (1804  1805)  (1805  1812)  (1812  1813)]
23, 2, 2, 67463, [('type_0'  'type_0')  ('type_0'  'type_1')  ('type_0'  2334)  ('type_0'  2335)  ('type_1'  'type_1')  ('type_1'  2329)  ('type_1'  2330)  (2329  2330)  (2329  2331)  (2330  2331)  (2330  2332)  (2331  2332)  (2331  2333)  (2332  2333)  (2332  2334)  (2333  2334)  (2333  2335)  (2334  2335)]
542, 1, 0, 67432, [('type_0'  'type_0')  ('type_0'  'type_1')  ('type_0'  1813)  ('type_1'  'type_1')  ('type_1'  1802)  (1802  1804)  (1804  1805)  (1805  1812)  (1812  1813)]
23, 3, 5, 66978, [('type_0'  'type_0')  ('type_0'  'type_1')  ('type_0'  2334)  ('type_0'  2335)  ('type_1'  'type_1')  ('type_1'  2329)  ('type_1'  2330)  (2329  2330)  (2329  2331)  (2330  2331)  (2330  2332)  (2331  2332)  (2331  2333)  (2332  2333)  (2332  2334)  (2333  2334)  (2333  2335)  (2334  2335)]
542, 1, 0, 66947, [('type_0'  'type_0')  ('type_0'  'type_1')  ('type_0'  1813)  ('type_1'  'type_1')  ('type_1'  1802)  (1802  1804)  (1804  1805)  (1805  1812)  (1812  1813)]
23, 1, 2, 66805, [('type_0'  'type_0')  ('type_0'  'type_1')  ('type_0'  2334)  ('type_0'  2335)  ('type_1'  'type_1')  ('type_1'  2329)  ('type_1'  2330)  (2329  2330)  (2329  2331)  (2330  2331)  (2330  2332)  (2331  2332)  (2331  2333)  (2332  2333)  (2332  2334)  (2333  2334)  (2333  2335)  (2334  2335)]
16, 2, 2, 66607, [('type_0'  'type_0')  ('type_0'  'type_1')  ('type_0'  2334)  ('type_1'  'type_1')  ('type_1'  2329)  (2329  2330)  (2329  2331)  (2330  2331)  (2330  2332)  (2331  2332)  (2331  2333)  (2332  2333)  (2332  2334)  (2333  2334)]
50, 2, 0, 66589, [('type_0'  'type_0')  ('type_0'  'type_1')  ('type_0'  2332)  ('type_1'  'type_1')  ('type_1'  2329)  (2329  2330)  (2330  2332)]
23, 2, 3, 66289, [('type_0'  'type_0')  ('type_0'  'type_1')  ('type_0'  2334)  ('type_0'  2335)  ('type_1'  'type_1')  ('type_1'  2329)  ('type_1'  2330)  (2329  2330)  (2329  2331)  (2330  2331)  (2330  2332)  (2331  2332)  (2331  2333)  (2332  2333)  (2332  2334)  (2333  2334)  (2333  2335)  (2334  2335)]
542, 1, 0, 66258, [('type_0'  'type_0')  ('type_0'  'type_1')  ('type_0'  1813)  ('type_1'  'type_1')  ('type_1'  1802)  (1802  1804)  (1804  1805)  (1805  1812)  (1812  1813)]
23, 4, 5, 65642, [('type_0'  'type_0')  ('type_0'  'type_1')  ('type_0'  2334)  ('type_0'  2335)  ('type_1'  'type_1')  ('type_1'  2329)  ('type_1'  2330)  (2329  2330)  (2329  2331)  (2330  2331)  (2330  2332)  (2331  2332)  (2331  2333)  (2332  2333)  (2332  2334)  (2333  2334)  (2333  2335)  (2334  2335)]
542, 2, 0, 65568, [('type_0'  'type_0')  ('type_0'  'type_1')  ('type_0'  1813)  ('type_1'  'type_1')  ('type_1'  1802)  (1802  1804)  (1804  1805)  (1805  1812)  (1812  1813)]
23, 1, 1, 65422, [('type_0'  'type_0')  ('type_0'  'type_1')  ('type_0'  2334)  ('type_0'  2335)  ('type_1'  'type_1')  ('type_1'  2329)  ('type_1'  2330)  (2329  2330)  (2329  2331)  (2330  2331)  (2330  2332)  (2331  2332)  (2331  2333)  (2332  2333)  (2332  2334)  (2333  2334)  (2333  2335)  (2334  2335)]
17, 7, 6, 64677, [('type_0'  'type_0')  ('type_0'  'type_1')  ('type_0'  2333)  ('type_0'  2334)  ('type_1'  'type_1')  ('type_1'  2329)  (2329  2330)  (2329  2331)  (2330  2331)  (2330  2332)  (2331  2332)  (2331  2333)  (2332  2333)  (2332  2334)  (2333  2334)]
542, 1, 0, 64646, [('type_0'  'type_0')  ('type_0'  'type_1')  ('type_0'  1813)  ('type_1'  'type_1')  ('type_1'  1802)  (1802  1804)  (1804  1805)  (1805  1812)  (1812  1813)]
23, 4, 5, 64030, [('type_0'  'type_0')  ('type_0'  'type_1')  ('type_0'  2334)  ('type_0'  2335)  ('type_1'  'type_1')  ('type_1'  2329)  ('type_1'  2330)  (2329  2330)  (2329  2331)  (2330  2331)  (2330  2332)  (2331  2332)  (2331  2333)  (2332  2333)  (2332  2334)  (2333  2334)  (2333  2335)  (2334  2335)]
542, 2, 0, 63956, [('type_0'  'type_0')  ('type_0'  'type_1')  ('type_0'  1813)  ('type_1'  'type_1')  ('type_1'  1802)  (1802  1804)  (1804  1805)  (1805  1812)  (1812  1813)]
23, 2, 3, 63656, [('type_0'  'type_0')  ('type_0'  'type_1')  ('type_0'  2334)  ('type_0'  2335)  ('type_1'  'type_1')  ('type_1'  2329)  ('type_1'  2330)  (2329  2330)  (2329  2331)  (2330  2331)  (2330  2332)  (2331  2332)  (2331  2333)  (2332  2333)  (2332  2334)  (2333  2334)  (2333  2335)  (2334  2335)]
542, 1, 0, 63625, [('type_0'  'type_0')  ('type_0'  'type_1')  ('type_0'  1813)  ('type_1'  'type_1')  ('type_1'  1802)  (1802  1804)  (1804  1805)  (1805  1812)  (1812  1813)]
16, 2, 2, 63427, [('type_0'  'type_0')  ('type_0'  'type_1')  ('type_0'  2334)  ('type_1'  'type_1')  ('type_1'  2329)  (2329  2330)  (2329  2331)  (2330  2331)  (2330  2332)  (2331  2332)  (2331  2333)  (2332  2333)  (2332  2334)  (2333  2334)]
23, 4, 5, 62811, [('type_0'  'type_0')  ('type_0'  'type_1')  ('type_0'  2334)  ('type_0'  2335)  ('type_1'  'type_1')  ('type_1'  2329)  ('type_1'  2330)  (2329  2330)  (2329  2331)  (2330  2331)  (2330  2332)  (2331  2332)  (2331  2333)  (2332  2333)  (2332  2334)  (2333  2334)  (2333  2335)  (2334  2335)]
542, 2, 0, 62737, [('type_0'  'type_0')  ('type_0'  'type_1')  ('type_0'  1813)  ('type_1'  'type_1')  ('type_1'  1802)  (1802  1804)  (1804  1805)  (1805  1812)  (1812  1813)]
23, 4, 4, 62117, [('type_0'  'type_0')  ('type_0'  'type_1')  ('type_0'  2334)  ('type_0'  2335)  ('type_1'  'type_1')  ('type_1'  2329)  ('type_1'  2330)  (2329  2330)  (2329  2331)  (2330  2331)  (2330  2332)  (2331  2332)  (2331  2333)  (2332  2333)  (2332  2334)  (2333  2334)  (2333  2335)  (2334  2335)]
542, 2, 0, 62043, [('type_0'  'type_0')  ('type_0'  'type_1')  ('type_0'  1813)  ('type_1'  'type_1')  ('type_1'  1802)  (1802  1804)  (1804  1805)  (1805  1812)  (1812  1813)]
23, 5, 7, 61273, [('type_0'  'type_0')  ('type_0'  'type_1')  ('type_0'  2334)  ('type_0'  2335)  ('type_1'  'type_1')  ('type_1'  2329)  ('type_1'  2330)  (2329  2330)  (2329  2331)  (2330  2331)  (2330  2332)  (2331  2332)  (2331  2333)  (2332  2333)  (2332  2334)  (2333  2334)  (2333  2335)  (2334  2335)]
542, 2, 0, 61199, [('type_0'  'type_0')  ('type_0'  'type_1')  ('type_0'  1813)  ('type_1'  'type_1')  ('type_1'  1802)  (1802  1804)  (1804  1805)  (1805  1812)  (1812  1813)]
23, 1, 1, 61053, [('type_0'  'type_0')  ('type_0'  'type_1')  ('type_0'  2334)  ('type_0'  2335)  ('type_1'  'type_1')  ('type_1'  2329)  ('type_1'  2330)  (2329  2330)  (2329  2331)  (2330  2331)  (2330  2332)  (2331  2332)  (2331  2333)  (2332  2333)  (2332  2334)  (2333  2334)  (2333  2335)  (2334  2335)]
50, 2, 0, 61035, [('type_0'  'type_0')  ('type_0'  'type_1')  ('type_0'  2332)  ('type_1'  'type_1')  ('type_1'  2329)  (2329  2330)  (2330  2332)]
23, 2, 3, 60735, [('type_0'  'type_0')  ('type_0'  'type_1')  ('type_0'  2334)  ('type_0'  2335)  ('type_1'  'type_1')  ('type_1'  2329)  ('type_1'  2330)  (2329  2330)  (2329  2331)  (2330  2331)  (2330  2332)  (2331  2332)  (2331  2333)  (2332  2333)  (2332  2334)  (2333  2334)  (2333  2335)  (2334  2335)]
542, 1, 0, 60704, [('type_0'  'type_0')  ('type_0'  'type_1')  ('type_0'  1813)  ('type_1'  'type_1')  ('type_1'  1802)  (1802  1804)  (1804  1805)  (1805  1812)  (1812  1813)]
17, 1, 1, 60598, [('type_0'  'type_0')  ('type_0'  'type_1')  ('type_0'  2333)  ('type_0'  2334)  ('type_1'  'type_1')  ('type_1'  2329)  (2329  2330)  (2329  2331)  (2330  2331)  (2330  2332)  (2331  2332)  (2331  2333)  (2332  2333)  (2332  2334)  (2333  2334)]
23, 4, 6, 59986, [('type_0'  'type_0')  ('type_0'  'type_1')  ('type_0'  2334)  ('type_0'  2335)  ('type_1'  'type_1')  ('type_1'  2329)  ('type_1'  2330)  (2329  2330)  (2329  2331)  (2330  2331)  (2330  2332)  (2331  2332)  (2331  2333)  (2332  2333)  (2332  2334)  (2333  2334)  (2333  2335)  (2334  2335)]
542, 1, 0, 59955, [('type_0'  'type_0')  ('type_0'  'type_1')  ('type_0'  1813)  ('type_1'  'type_1')  ('type_1'  1802)  (1802  1804)  (1804  1805)  (1805  1812)  (1812  1813)]
50, 2, 0, 59937, [('type_0'  'type_0')  ('type_0'  'type_1')  ('type_0'  2332)  ('type_1'  'type_1')  ('type_1'  2329)  (2329  2330)  (2330  2332)]
23, 4, 5, 59321, [('type_0'  'type_0')  ('type_0'  'type_1')  ('type_0'  2334)  ('type_0'  2335)  ('type_1'  'type_1')  ('type_1'  2329)  ('type_1'  2330)  (2329  2330)  (2329  2331)  (2330  2331)  (2330  2332)  (2331  2332)  (2331  2333)  (2332  2333)  (2332  2334)  (2333  2334)  (2333  2335)  (2334  2335)]
542, 2, 0, 59247, [('type_0'  'type_0')  ('type_0'  'type_1')  ('type_0'  1813)  ('type_1'  'type_1')  ('type_1'  1802)  (1802  1804)  (1804  1805)  (1805  1812)  (1812  1813)]
23, 3, 4, 58789, [('type_0'  'type_0')  ('type_0'  'type_1')  ('type_0'  2334)  ('type_0'  2335)  ('type_1'  'type_1')  ('type_1'  2329)  ('type_1'  2330)  (2329  2330)  (2329  2331)  (2330  2331)  (2330  2332)  (2331  2332)  (2331  2333)  (2332  2333)  (2332  2334)  (2333  2334)  (2333  2335)  (2334  2335)]
17, 1, 0, 58679, [('type_0'  'type_0')  ('type_0'  'type_1')  ('type_0'  2333)  ('type_0'  2334)  ('type_1'  'type_1')  ('type_1'  2329)  (2329  2330)  (2329  2331)  (2330  2331)  (2330  2332)  (2331  2332)  (2331  2333)  (2332  2333)  (2332  2334)  (2333  2334)]
542, 1, 0, 58648, [('type_0'  'type_0')  ('type_0'  'type_1')  ('type_0'  1813)  ('type_1'  'type_1')  ('type_1'  1802)  (1802  1804)  (1804  1805)  (1805  1812)  (1812  1813)]
23, 1, 2, 58506, [('type_0'  'type_0')  ('type_0'  'type_1')  ('type_0'  2334)  ('type_0'  2335)  ('type_1'  'type_1')  ('type_1'  2329)  ('type_1'  2330)  (2329  2330)  (2329  2331)  (2330  2331)  (2330  2332)  (2331  2332)  (2331  2333)  (2332  2333)  (2332  2334)  (2333  2334)  (2333  2335)  (2334  2335)]
17, 2, 2, 58282, [('type_0'  'type_0')  ('type_0'  'type_1')  ('type_0'  2333)  ('type_0'  2334)  ('type_1'  'type_1')  ('type_1'  2329)  (2329  2330)  (2329  2331)  (2330  2331)  (2330  2332)  (2331  2332)  (2331  2333)  (2332  2333)  (2332  2334)  (2333  2334)]
23, 3, 3, 57820, [('type_0'  'type_0')  ('type_0'  'type_1')  ('type_0'  2334)  ('type_0'  2335)  ('type_1'  'type_1')  ('type_1'  2329)  ('type_1'  2330)  (2329  2330)  (2329  2331)  (2330  2331)  (2330  2332)  (2331  2332)  (2331  2333)  (2332  2333)  (2332  2334)  (2333  2334)  (2333  2335)  (2334  2335)]
17, 1, 0, 57710, [('type_0'  'type_0')  ('type_0'  'type_1')  ('type_0'  2333)  ('type_0'  2334)  ('type_1'  'type_1')  ('type_1'  2329)  (2329  2330)  (2329  2331)  (2330  2331)  (2330  2332)  (2331  2332)  (2331  2333)  (2332  2333)  (2332  2334)  (2333  2334)]
542, 1, 0, 57679, [('type_0'  'type_0')  ('type_0'  'type_1')  ('type_0'  1813)  ('type_1'  'type_1')  ('type_1'  1802)  (1802  1804)  (1804  1805)  (1805  1812)  (1812  1813)]
50, 3, 0, 57646, [('type_0'  'type_0')  ('type_0'  'type_1')  ('type_0'  2332)  ('type_1'  'type_1')  ('type_1'  2329)  (2329  2330)  (2330  2332)]
23, 4, 5, 57030, [('type_0'  'type_0')  ('type_0'  'type_1')  ('type_0'  2334)  ('type_0'  2335)  ('type_1'  'type_1')  ('type_1'  2329)  ('type_1'  2330)  (2329  2330)  (2329  2331)  (2330  2331)  (2330  2332)  (2331  2332)  (2331  2333)  (2332  2333)  (2332  2334)  (2333  2334)  (2333  2335)  (2334  2335)]
542, 2, 0, 56956, [('type_0'  'type_0')  ('type_0'  'type_1')  ('type_0'  1813)  ('type_1'  'type_1')  ('type_1'  1802)  (1802  1804)  (1804  1805)  (1805  1812)  (1812  1813)]
23, 4, 5, 56340, [('type_0'  'type_0')  ('type_0'  'type_1')  ('type_0'  2334)  ('type_0'  2335)  ('type_1'  'type_1')  ('type_1'  2329)  ('type_1'  2330)  (2329  2330)  (2329  2331)  (2330  2331)  (2330  2332)  (2331  2332)  (2331  2333)  (2332  2333)  (2332  2334)  (2333  2334)  (2333  2335)  (2334  2335)]
542, 2, 0, 56266, [('type_0'  'type_0')  ('type_0'  'type_1')  ('type_0'  1813)  ('type_1'  'type_1')  ('type_1'  1802)  (1802  1804)  (1804  1805)  (1805  1812)  (1812  1813)]
16, 7, 7, 55543, [('type_0'  'type_0')  ('type_0'  'type_1')  ('type_0'  2334)  ('type_1'  'type_1')  ('type_1'  2329)  (2329  2330)  (2329  2331)  (2330  2331)  (2330  2332)  (2331  2332)  (2331  2333)  (2332  2333)  (2332  2334)  (2333  2334)]
23, 8, 10, 54299, [('type_0'  'type_0')  ('type_0'  'type_1')  ('type_0'  2334)  ('type_0'  2335)  ('type_1'  'type_1')  ('type_1'  2329)  ('type_1'  2330)  (2329  2330)  (2329  2331)  (2330  2331)  (2330  2332)  (2331  2332)  (2331  2333)  (2332  2333)  (2332  2334)  (2333  2334)  (2333  2335)  (2334  2335)]
542, 4, 2, 54147, [('type_0'  'type_0')  ('type_0'  'type_1')  ('type_0'  1813)  ('type_1'  'type_1')  ('type_1'  1802)  (1802  1804)  (1804  1805)  (1805  1812)  (1812  1813)]
16, 3, 3, 53844, [('type_0'  'type_0')  ('type_0'  'type_1')  ('type_0'  2334)  ('type_1'  'type_1')  ('type_1'  2329)  (2329  2330)  (2329  2331)  (2330  2331)  (2330  2332)  (2331  2332)  (2331  2333)  (2332  2333)  (2332  2334)  (2333  2334)]
23, 2, 3, 53544, [('type_0'  'type_0')  ('type_0'  'type_1')  ('type_0'  2334)  ('type_0'  2335)  ('type_1'  'type_1')  ('type_1'  2329)  ('type_1'  2330)  (2329  2330)  (2329  2331)  (2330  2331)  (2330  2332)  (2331  2332)  (2331  2333)  (2332  2333)  (2332  2334)  (2333  2334)  (2333  2335)  (2334  2335)]
542, 1, 0, 53513, [('type_0'  'type_0')  ('type_0'  'type_1')  ('type_0'  1813)  ('type_1'  'type_1')  ('type_1'  1802)  (1802  1804)  (1804  1805)  (1805  1812)  (1812  1813)]
23, 2, 3, 53213, [('type_0'  'type_0')  ('type_0'  'type_1')  ('type_0'  2334)  ('type_0'  2335)  ('type_1'  'type_1')  ('type_1'  2329)  ('type_1'  2330)  (2329  2330)  (2329  2331)  (2330  2331)  (2330  2332)  (2331  2332)  (2331  2333)  (2332  2333)  (2332  2334)  (2333  2334)  (2333  2335)  (2334  2335)]
542, 1, 0, 53182, [('type_0'  'type_0')  ('type_0'  'type_1')  ('type_0'  1813)  ('type_1'  'type_1')  ('type_1'  1802)  (1802  1804)  (1804  1805)  (1805  1812)  (1812  1813)]
23, 2, 3, 52882, [('type_0'  'type_0')  ('type_0'  'type_1')  ('type_0'  2334)  ('type_0'  2335)  ('type_1'  'type_1')  ('type_1'  2329)  ('type_1'  2330)  (2329  2330)  (2329  2331)  (2330  2331)  (2330  2332)  (2331  2332)  (2331  2333)  (2332  2333)  (2332  2334)  (2333  2334)  (2333  2335)  (2334  2335)]
17, 2, 1, 52654, [('type_0'  'type_0')  ('type_0'  'type_1')  ('type_0'  2333)  ('type_0'  2334)  ('type_1'  'type_1')  ('type_1'  2329)  (2329  2330)  (2329  2331)  (2330  2331)  (2330  2332)  (2331  2332)  (2331  2333)  (2332  2333)  (2332  2334)  (2333  2334)]
542, 1, 0, 52623, [('type_0'  'type_0')  ('type_0'  'type_1')  ('type_0'  1813)  ('type_1'  'type_1')  ('type_1'  1802)  (1802  1804)  (1804  1805)  (1805  1812)  (1812  1813)]
23, 4, 5, 52007, [('type_0'  'type_0')  ('type_0'  'type_1')  ('type_0'  2334)  ('type_0'  2335)  ('type_1'  'type_1')  ('type_1'  2329)  ('type_1'  2330)  (2329  2330)  (2329  2331)  (2330  2331)  (2330  2332)  (2331  2332)  (2331  2333)  (2332  2333)  (2332  2334)  (2333  2334)  (2333  2335)  (2334  2335)]
542, 2, 0, 51933, [('type_0'  'type_0')  ('type_0'  'type_1')  ('type_0'  1813)  ('type_1'  'type_1')  ('type_1'  1802)  (1802  1804)  (1804  1805)  (1805  1812)  (1812  1813)]
23, 2, 2, 51629, [('type_0'  'type_0')  ('type_0'  'type_1')  ('type_0'  2334)  ('type_0'  2335)  ('type_1'  'type_1')  ('type_1'  2329)  ('type_1'  2330)  (2329  2330)  (2329  2331)  (2330  2331)  (2330  2332)  (2331  2332)  (2331  2333)  (2332  2333)  (2332  2334)  (2333  2334)  (2333  2335)  (2334  2335)]
542, 1, 0, 51598, [('type_0'  'type_0')  ('type_0'  'type_1')  ('type_0'  1813)  ('type_1'  'type_1')  ('type_1'  1802)  (1802  1804)  (1804  1805)  (1805  1812)  (1812  1813)]
23, 3, 5, 51144, [('type_0'  'type_0')  ('type_0'  'type_1')  ('type_0'  2334)  ('type_0'  2335)  ('type_1'  'type_1')  ('type_1'  2329)  ('type_1'  2330)  (2329  2330)  (2329  2331)  (2330  2331)  (2330  2332)  (2331  2332)  (2331  2333)  (2332  2333)  (2332  2334)  (2333  2334)  (2333  2335)  (2334  2335)]
542, 1, 0, 51113, [('type_0'  'type_0')  ('type_0'  'type_1')  ('type_0'  1813)  ('type_1'  'type_1')  ('type_1'  1802)  (1802  1804)  (1804  1805)  (1805  1812)  (1812  1813)]
23, 1, 2, 50971, [('type_0'  'type_0')  ('type_0'  'type_1')  ('type_0'  2334)  ('type_0'  2335)  ('type_1'  'type_1')  ('type_1'  2329)  ('type_1'  2330)  (2329  2330)  (2329  2331)  (2330  2331)  (2330  2332)  (2331  2332)  (2331  2333)  (2332  2333)  (2332  2334)  (2333  2334)  (2333  2335)  (2334  2335)]
50, 2, 0, 50953, [('type_0'  'type_0')  ('type_0'  'type_1')  ('type_0'  2332)  ('type_1'  'type_1')  ('type_1'  2329)  (2329  2330)  (2330  2332)]
23, 4, 5, 50337, [('type_0'  'type_0')  ('type_0'  'type_1')  ('type_0'  2334)  ('type_0'  2335)  ('type_1'  'type_1')  ('type_1'  2329)  ('type_1'  2330)  (2329  2330)  (2329  2331)  (2330  2331)  (2330  2332)  (2331  2332)  (2331  2333)  (2332  2333)  (2332  2334)  (2333  2334)  (2333  2335)  (2334  2335)]
542, 2, 0, 50263, [('type_0'  'type_0')  ('type_0'  'type_1')  ('type_0'  1813)  ('type_1'  'type_1')  ('type_1'  1802)  (1802  1804)  (1804  1805)  (1805  1812)  (1812  1813)]
23, 2, 2, 49959, [('type_0'  'type_0')  ('type_0'  'type_1')  ('type_0'  2334)  ('type_0'  2335)  ('type_1'  'type_1')  ('type_1'  2329)  ('type_1'  2330)  (2329  2330)  (2329  2331)  (2330  2331)  (2330  2332)  (2331  2332)  (2331  2333)  (2332  2333)  (2332  2334)  (2333  2334)  (2333  2335)  (2334  2335)]
542, 1, 0, 49928, [('type_0'  'type_0')  ('type_0'  'type_1')  ('type_0'  1813)  ('type_1'  'type_1')  ('type_1'  1802)  (1802  1804)  (1804  1805)  (1805  1812)  (1812  1813)]
23, 3, 5, 49474, [('type_0'  'type_0')  ('type_0'  'type_1')  ('type_0'  2334)  ('type_0'  2335)  ('type_1'  'type_1')  ('type_1'  2329)  ('type_1'  2330)  (2329  2330)  (2329  2331)  (2330  2331)  (2330  2332)  (2331  2332)  (2331  2333)  (2332  2333)  (2332  2334)  (2333  2334)  (2333  2335)  (2334  2335)]
542, 1, 0, 49443, [('type_0'  'type_0')  ('type_0'  'type_1')  ('type_0'  1813)  ('type_1'  'type_1')  ('type_1'  1802)  (1802  1804)  (1804  1805)  (1805  1812)  (1812  1813)]
23, 2, 3, 49143, [('type_0'  'type_0')  ('type_0'  'type_1')  ('type_0'  2334)  ('type_0'  2335)  ('type_1'  'type_1')  ('type_1'  2329)  ('type_1'  2330)  (2329  2330)  (2329  2331)  (2330  2331)  (2330  2332)  (2331  2332)  (2331  2333)  (2332  2333)  (2332  2334)  (2333  2334)  (2333  2335)  (2334  2335)]
542, 1, 0, 49112, [('type_0'  'type_0')  ('type_0'  'type_1')  ('type_0'  1813)  ('type_1'  'type_1')  ('type_1'  1802)  (1802  1804)  (1804  1805)  (1805  1812)  (1812  1813)]
17, 2, 2, 48888, [('type_0'  'type_0')  ('type_0'  'type_1')  ('type_0'  2333)  ('type_0'  2334)  ('type_1'  'type_1')  ('type_1'  2329)  (2329  2330)  (2329  2331)  (2330  2331)  (2330  2332)  (2331  2332)  (2331  2333)  (2332  2333)  (2332  2334)  (2333  2334)]
23, 4, 5, 48272, [('type_0'  'type_0')  ('type_0'  'type_1')  ('type_0'  2334)  ('type_0'  2335)  ('type_1'  'type_1')  ('type_1'  2329)  ('type_1'  2330)  (2329  2330)  (2329  2331)  (2330  2331)  (2330  2332)  (2331  2332)  (2331  2333)  (2332  2333)  (2332  2334)  (2333  2334)  (2333  2335)  (2334  2335)]
542, 2, 0, 48198, [('type_0'  'type_0')  ('type_0'  'type_1')  ('type_0'  1813)  ('type_1'  'type_1')  ('type_1'  1802)  (1802  1804)  (1804  1805)  (1805  1812)  (1812  1813)]
23, 1, 2, 48056, [('type_0'  'type_0')  ('type_0'  'type_1')  ('type_0'  2334)  ('type_0'  2335)  ('type_1'  'type_1')  ('type_1'  2329)  ('type_1'  2330)  (2329  2330)  (2329  2331)  (2330  2331)  (2330  2332)  (2331  2332)  (2331  2333)  (2332  2333)  (2332  2334)  (2333  2334)  (2333  2335)  (2334  2335)]
50, 3, 0, 48023, [('type_0'  'type_0')  ('type_0'  'type_1')  ('type_0'  2332)  ('type_1'  'type_1')  ('type_1'  2329)  (2329  2330)  (2330  2332)]
23, 3, 4, 47565, [('type_0'  'type_0')  ('type_0'  'type_1')  ('type_0'  2334)  ('type_0'  2335)  ('type_1'  'type_1')  ('type_1'  2329)  ('type_1'  2330)  (2329  2330)  (2329  2331)  (2330  2331)  (2330  2332)  (2331  2332)  (2331  2333)  (2332  2333)  (2332  2334)  (2333  2334)  (2333  2335)  (2334  2335)]
542, 1, 0, 47534, [('type_0'  'type_0')  ('type_0'  'type_1')  ('type_0'  1813)  ('type_1'  'type_1')  ('type_1'  1802)  (1802  1804)  (1804  1805)  (1805  1812)  (1812  1813)]
12, 10, 9, 46820, [('type_0'  'type_0')  ('type_0'  'type_1')  ('type_0'  2333)  ('type_1'  'type_1')  ('type_1'  2329)  (2329  2330)  (2329  2331)  (2330  2331)  (2330  2332)  (2331  2332)  (2331  2333)  (2332  2333)]
16, 2, 2, 46622, [('type_0'  'type_0')  ('type_0'  'type_1')  ('type_0'  2334)  ('type_1'  'type_1')  ('type_1'  2329)  (2329  2330)  (2329  2331)  (2330  2331)  (2330  2332)  (2331  2332)  (2331  2333)  (2332  2333)  (2332  2334)  (2333  2334)]
12, 17, 16, 45304, [('type_0'  'type_0')  ('type_0'  'type_1')  ('type_0'  2333)  ('type_1'  'type_1')  ('type_1'  2329)  (2329  2330)  (2329  2331)  (2330  2331)  (2330  2332)  (2331  2332)  (2331  2333)  (2332  2333)]
4, 6, 0, 45179, [('type_0'  'type_0')  ('type_0'  'type_1')  ('type_0'  2331)  ('type_1'  'type_1')  ('type_1'  2329)  (2329  2330)  (2329  2331)  (2330  2331)]
23, 2, 4, 44883, [('type_0'  'type_0')  ('type_0'  'type_1')  ('type_0'  2334)  ('type_0'  2335)  ('type_1'  'type_1')  ('type_1'  2329)  ('type_1'  2330)  (2329  2330)  (2329  2331)  (2330  2331)  (2330  2332)  (2331  2332)  (2331  2333)  (2332  2333)  (2332  2334)  (2333  2334)  (2333  2335)  (2334  2335)]
50, 3, 0, 44850, [('type_0'  'type_0')  ('type_0'  'type_1')  ('type_0'  2332)  ('type_1'  'type_1')  ('type_1'  2329)  (2329  2330)  (2330  2332)]
23, 1, 2, 44708, [('type_0'  'type_0')  ('type_0'  'type_1')  ('type_0'  2334)  ('type_0'  2335)  ('type_1'  'type_1')  ('type_1'  2329)  ('type_1'  2330)  (2329  2330)  (2329  2331)  (2330  2331)  (2330  2332)  (2331  2332)  (2331  2333)  (2332  2333)  (2332  2334)  (2333  2334)  (2333  2335)  (2334  2335)]
33, 8, 7, 44254, [('type_0'  'type_0')  ('type_0'  'type_1')  ('type_0'  2334)  ('type_1'  'type_1')  ('type_1'  2329)  (2329  2330)  (2329  2331)  (2330  2331)  (2330  2332)  (2331  2332)  (2332  2334)]
17, 3, 3, 43912, [('type_0'  'type_0')  ('type_0'  'type_1')  ('type_0'  2333)  ('type_0'  2334)  ('type_1'  'type_1')  ('type_1'  2329)  (2329  2330)  (2329  2331)  (2330  2331)  (2330  2332)  (2331  2332)  (2331  2333)  (2332  2333)  (2332  2334)  (2333  2334)]
33, 8, 8, 43404, [('type_0'  'type_0')  ('type_0'  'type_1')  ('type_0'  2334)  ('type_1'  'type_1')  ('type_1'  2329)  (2329  2330)  (2329  2331)  (2330  2331)  (2330  2332)  (2331  2332)  (2332  2334)]
12, 23, 23, 41622, [('type_0'  'type_0')  ('type_0'  'type_1')  ('type_0'  2333)  ('type_1'  'type_1')  ('type_1'  2329)  (2329  2330)  (2329  2331)  (2330  2331)  (2330  2332)  (2331  2332)  (2331  2333)  (2332  2333)]
23, 3, 5, 41168, [('type_0'  'type_0')  ('type_0'  'type_1')  ('type_0'  2334)  ('type_0'  2335)  ('type_1'  'type_1')  ('type_1'  2329)  ('type_1'  2330)  (2329  2330)  (2329  2331)  (2330  2331)  (2330  2332)  (2331  2332)  (2331  2333)  (2332  2333)  (2332  2334)  (2333  2334)  (2333  2335)  (2334  2335)]
542, 1, 0, 41137, [('type_0'  'type_0')  ('type_0'  'type_1')  ('type_0'  1813)  ('type_1'  'type_1')  ('type_1'  1802)  (1802  1804)  (1804  1805)  (1805  1812)  (1812  1813)]
23, 1, 2, 40995, [('type_0'  'type_0')  ('type_0'  'type_1')  ('type_0'  2334)  ('type_0'  2335)  ('type_1'  'type_1')  ('type_1'  2329)  ('type_1'  2330)  (2329  2330)  (2329  2331)  (2330  2331)  (2330  2332)  (2331  2332)  (2331  2333)  (2332  2333)  (2332  2334)  (2333  2334)  (2333  2335)  (2334  2335)]
50, 2, 0, 40977, [('type_0'  'type_0')  ('type_0'  'type_1')  ('type_0'  2332)  ('type_1'  'type_1')  ('type_1'  2329)  (2329  2330)  (2330  2332)]
23, 3, 5, 40523, [('type_0'  'type_0')  ('type_0'  'type_1')  ('type_0'  2334)  ('type_0'  2335)  ('type_1'  'type_1')  ('type_1'  2329)  ('type_1'  2330)  (2329  2330)  (2329  2331)  (2330  2331)  (2330  2332)  (2331  2332)  (2331  2333)  (2332  2333)  (2332  2334)  (2333  2334)  (2333  2335)  (2334  2335)]
542, 1, 0, 40492, [('type_0'  'type_0')  ('type_0'  'type_1')  ('type_0'  1813)  ('type_1'  'type_1')  ('type_1'  1802)  (1802  1804)  (1804  1805)  (1805  1812)  (1812  1813)]
12, 3, 3, 40270, [('type_0'  'type_0')  ('type_0'  'type_1')  ('type_0'  2333)  ('type_1'  'type_1')  ('type_1'  2329)  (2329  2330)  (2329  2331)  (2330  2331)  (2330  2332)  (2331  2332)  (2331  2333)  (2332  2333)]
23, 1, 2, 40128, [('type_0'  'type_0')  ('type_0'  'type_1')  ('type_0'  2334)  ('type_0'  2335)  ('type_1'  'type_1')  ('type_1'  2329)  ('type_1'  2330)  (2329  2330)  (2329  2331)  (2330  2331)  (2330  2332)  (2331  2332)  (2331  2333)  (2332  2333)  (2332  2334)  (2333  2334)  (2333  2335)  (2334  2335)]
50, 2, 0, 40110, [('type_0'  'type_0')  ('type_0'  'type_1')  ('type_0'  2332)  ('type_1'  'type_1')  ('type_1'  2329)  (2329  2330)  (2330  2332)]
23, 2, 3, 39810, [('type_0'  'type_0')  ('type_0'  'type_1')  ('type_0'  2334)  ('type_0'  2335)  ('type_1'  'type_1')  ('type_1'  2329)  ('type_1'  2330)  (2329  2330)  (2329  2331)  (2330  2331)  (2330  2332)  (2331  2332)  (2331  2333)  (2332  2333)  (2332  2334)  (2333  2334)  (2333  2335)  (2334  2335)]
542, 1, 0, 39779, [('type_0'  'type_0')  ('type_0'  'type_1')  ('type_0'  1813)  ('type_1'  'type_1')  ('type_1'  1802)  (1802  1804)  (1804  1805)  (1805  1812)  (1812  1813)]
16, 1, 1, 39686, [('type_0'  'type_0')  ('type_0'  'type_1')  ('type_0'  2334)  ('type_1'  'type_1')  ('type_1'  2329)  (2329  2330)  (2329  2331)  (2330  2331)  (2330  2332)  (2331  2332)  (2331  2333)  (2332  2333)  (2332  2334)  (2333  2334)]
4, 2, 0, 39642, [('type_0'  'type_0')  ('type_0'  'type_1')  ('type_0'  2331)  ('type_1'  'type_1')  ('type_1'  2329)  (2329  2330)  (2329  2331)  (2330  2331)]
23, 2, 3, 39342, [('type_0'  'type_0')  ('type_0'  'type_1')  ('type_0'  2334)  ('type_0'  2335)  ('type_1'  'type_1')  ('type_1'  2329)  ('type_1'  2330)  (2329  2330)  (2329  2331)  (2330  2331)  (2330  2332)  (2331  2332)  (2331  2333)  (2332  2333)  (2332  2334)  (2333  2334)  (2333  2335)  (2334  2335)]
542, 1, 0, 39311, [('type_0'  'type_0')  ('type_0'  'type_1')  ('type_0'  1813)  ('type_1'  'type_1')  ('type_1'  1802)  (1802  1804)  (1804  1805)  (1805  1812)  (1812  1813)]
17, 1, 1, 39205, [('type_0'  'type_0')  ('type_0'  'type_1')  ('type_0'  2333)  ('type_0'  2334)  ('type_1'  'type_1')  ('type_1'  2329)  (2329  2330)  (2329  2331)  (2330  2331)  (2330  2332)  (2331  2332)  (2331  2333)  (2332  2333)  (2332  2334)  (2333  2334)]
23, 1, 2, 39063, [('type_0'  'type_0')  ('type_0'  'type_1')  ('type_0'  2334)  ('type_0'  2335)  ('type_1'  'type_1')  ('type_1'  2329)  ('type_1'  2330)  (2329  2330)  (2329  2331)  (2330  2331)  (2330  2332)  (2331  2332)  (2331  2333)  (2332  2333)  (2332  2334)  (2333  2334)  (2333  2335)  (2334  2335)]
33, 3, 3, 38880, [('type_0'  'type_0')  ('type_0'  'type_1')  ('type_0'  2334)  ('type_1'  'type_1')  ('type_1'  2329)  (2329  2330)  (2329  2331)  (2330  2331)  (2330  2332)  (2331  2332)  (2332  2334)]
23, 1, 1, 38734, [('type_0'  'type_0')  ('type_0'  'type_1')  ('type_0'  2334)  ('type_0'  2335)  ('type_1'  'type_1')  ('type_1'  2329)  ('type_1'  2330)  (2329  2330)  (2329  2331)  (2330  2331)  (2330  2332)  (2331  2332)  (2331  2333)  (2332  2333)  (2332  2334)  (2333  2334)  (2333  2335)  (2334  2335)]
16, 1, 1, 38641, [('type_0'  'type_0')  ('type_0'  'type_1')  ('type_0'  2334)  ('type_1'  'type_1')  ('type_1'  2329)  (2329  2330)  (2329  2331)  (2330  2331)  (2330  2332)  (2331  2332)  (2331  2333)  (2332  2333)  (2332  2334)  (2333  2334)]
23, 3, 5, 38187, [('type_0'  'type_0')  ('type_0'  'type_1')  ('type_0'  2334)  ('type_0'  2335)  ('type_1'  'type_1')  ('type_1'  2329)  ('type_1'  2330)  (2329  2330)  (2329  2331)  (2330  2331)  (2330  2332)  (2331  2332)  (2331  2333)  (2332  2333)  (2332  2334)  (2333  2334)  (2333  2335)  (2334  2335)]
542, 1, 0, 38156, [('type_0'  'type_0')  ('type_0'  'type_1')  ('type_0'  1813)  ('type_1'  'type_1')  ('type_1'  1802)  (1802  1804)  (1804  1805)  (1805  1812)  (1812  1813)]
23, 2, 3, 37856, [('type_0'  'type_0')  ('type_0'  'type_1')  ('type_0'  2334)  ('type_0'  2335)  ('type_1'  'type_1')  ('type_1'  2329)  ('type_1'  2330)  (2329  2330)  (2329  2331)  (2330  2331)  (2330  2332)  (2331  2332)  (2331  2333)  (2332  2333)  (2332  2334)  (2333  2334)  (2333  2335)  (2334  2335)]
542, 1, 0, 37825, [('type_0'  'type_0')  ('type_0'  'type_1')  ('type_0'  1813)  ('type_1'  'type_1')  ('type_1'  1802)  (1802  1804)  (1804  1805)  (1805  1812)  (1812  1813)]
16, 2, 2, 37627, [('type_0'  'type_0')  ('type_0'  'type_1')  ('type_0'  2334)  ('type_1'  'type_1')  ('type_1'  2329)  (2329  2330)  (2329  2331)  (2330  2331)  (2330  2332)  (2331  2332)  (2331  2333)  (2332  2333)  (2332  2334)  (2333  2334)]
23, 1, 2, 37485, [('type_0'  'type_0')  ('type_0'  'type_1')  ('type_0'  2334)  ('type_0'  2335)  ('type_1'  'type_1')  ('type_1'  2329)  ('type_1'  2330)  (2329  2330)  (2329  2331)  (2330  2331)  (2330  2332)  (2331  2332)  (2331  2333)  (2332  2333)  (2332  2334)  (2333  2334)  (2333  2335)  (2334  2335)]
50, 2, 0, 37467, [('type_0'  'type_0')  ('type_0'  'type_1')  ('type_0'  2332)  ('type_1'  'type_1')  ('type_1'  2329)  (2329  2330)  (2330  2332)]
16, 1, 1, 37374, [('type_0'  'type_0')  ('type_0'  'type_1')  ('type_0'  2334)  ('type_1'  'type_1')  ('type_1'  2329)  (2329  2330)  (2329  2331)  (2330  2331)  (2330  2332)  (2331  2332)  (2331  2333)  (2332  2333)  (2332  2334)  (2333  2334)]
23, 2, 4, 37078, [('type_0'  'type_0')  ('type_0'  'type_1')  ('type_0'  2334)  ('type_0'  2335)  ('type_1'  'type_1')  ('type_1'  2329)  ('type_1'  2330)  (2329  2330)  (2329  2331)  (2330  2331)  (2330  2332)  (2331  2332)  (2331  2333)  (2332  2333)  (2332  2334)  (2333  2334)  (2333  2335)  (2334  2335)]
16, 2, 2, 36880, [('type_0'  'type_0')  ('type_0'  'type_1')  ('type_0'  2334)  ('type_1'  'type_1')  ('type_1'  2329)  (2329  2330)  (2329  2331)  (2330  2331)  (2330  2332)  (2331  2332)  (2331  2333)  (2332  2333)  (2332  2334)  (2333  2334)]
50, 2, 0, 36862, [('type_0'  'type_0')  ('type_0'  'type_1')  ('type_0'  2332)  ('type_1'  'type_1')  ('type_1'  2329)  (2329  2330)  (2330  2332)]
9, 2, 0, 36779, [('type_0'  'type_0')  ('type_0'  'type_1')  ('type_0'  2331)  ('type_0'  2332)  ('type_1'  'type_1')  ('type_1'  2329)  (2329  2330)  (2329  2331)  (2330  2331)  (2330  2332)  (2331  2332)]
16, 1, 1, 36686, [('type_0'  'type_0')  ('type_0'  'type_1')  ('type_0'  2334)  ('type_1'  'type_1')  ('type_1'  2329)  (2329  2330)  (2329  2331)  (2330  2331)  (2330  2332)  (2331  2332)  (2331  2333)  (2332  2333)  (2332  2334)  (2333  2334)]
9, 1, 1, 36633, [('type_0'  'type_0')  ('type_0'  'type_1')  ('type_0'  2331)  ('type_0'  2332)  ('type_1'  'type_1')  ('type_1'  2329)  (2329  2330)  (2329  2331)  (2330  2331)  (2330  2332)  (2331  2332)]
12, 6, 6, 36177, [('type_0'  'type_0')  ('type_0'  'type_1')  ('type_0'  2333)  ('type_1'  'type_1')  ('type_1'  2329)  (2329  2330)  (2329  2331)  (2330  2331)  (2330  2332)  (2331  2332)  (2331  2333)  (2332  2333)]
33, 2, 2, 36059, [('type_0'  'type_0')  ('type_0'  'type_1')  ('type_0'  2334)  ('type_1'  'type_1')  ('type_1'  2329)  (2329  2330)  (2329  2331)  (2330  2331)  (2330  2332)  (2331  2332)  (2332  2334)]
9, 7, 6, 35613, [('type_0'  'type_0')  ('type_0'  'type_1')  ('type_0'  2331)  ('type_0'  2332)  ('type_1'  'type_1')  ('type_1'  2329)  (2329  2330)  (2329  2331)  (2330  2331)  (2330  2332)  (2331  2332)]
50, 3, 0, 35580, [('type_0'  'type_0')  ('type_0'  'type_1')  ('type_0'  2332)  ('type_1'  'type_1')  ('type_1'  2329)  (2329  2330)  (2330  2332)]
9, 1, 1, 35527, [('type_0'  'type_0')  ('type_0'  'type_1')  ('type_0'  2331)  ('type_0'  2332)  ('type_1'  'type_1')  ('type_1'  2329)  (2329  2330)  (2329  2331)  (2330  2331)  (2330  2332)  (2331  2332)]
16, 1, 1, 35434, [('type_0'  'type_0')  ('type_0'  'type_1')  ('type_0'  2334)  ('type_1'  'type_1')  ('type_1'  2329)  (2329  2330)  (2329  2331)  (2330  2331)  (2330  2332)  (2331  2332)  (2331  2333)  (2332  2333)  (2332  2334)  (2333  2334)]
9, 2, 2, 35316, [('type_0'  'type_0')  ('type_0'  'type_1')  ('type_0'  2331)  ('type_0'  2332)  ('type_1'  'type_1')  ('type_1'  2329)  (2329  2330)  (2329  2331)  (2330  2331)  (2330  2332)  (2331  2332)]
17, 1, 1, 35210, [('type_0'  'type_0')  ('type_0'  'type_1')  ('type_0'  2333)  ('type_0'  2334)  ('type_1'  'type_1')  ('type_1'  2329)  (2329  2330)  (2329  2331)  (2330  2331)  (2330  2332)  (2331  2332)  (2331  2333)  (2332  2333)  (2332  2334)  (2333  2334)]
50, 2, 0, 35192, [('type_0'  'type_0')  ('type_0'  'type_1')  ('type_0'  2332)  ('type_1'  'type_1')  ('type_1'  2329)  (2329  2330)  (2330  2332)]
9, 1, 1, 35139, [('type_0'  'type_0')  ('type_0'  'type_1')  ('type_0'  2331)  ('type_0'  2332)  ('type_1'  'type_1')  ('type_1'  2329)  (2329  2330)  (2329  2331)  (2330  2331)  (2330  2332)  (2331  2332)]
12, 4, 4, 34839, [('type_0'  'type_0')  ('type_0'  'type_1')  ('type_0'  2333)  ('type_1'  'type_1')  ('type_1'  2329)  (2329  2330)  (2329  2331)  (2330  2331)  (2330  2332)  (2331  2332)  (2331  2333)  (2332  2333)]
17, 1, 1, 34733, [('type_0'  'type_0')  ('type_0'  'type_1')  ('type_0'  2333)  ('type_0'  2334)  ('type_1'  'type_1')  ('type_1'  2329)  (2329  2330)  (2329  2331)  (2330  2331)  (2330  2332)  (2331  2332)  (2331  2333)  (2332  2333)  (2332  2334)  (2333  2334)]
9, 2, 2, 34615, [('type_0'  'type_0')  ('type_0'  'type_1')  ('type_0'  2331)  ('type_0'  2332)  ('type_1'  'type_1')  ('type_1'  2329)  (2329  2330)  (2329  2331)  (2330  2331)  (2330  2332)  (2331  2332)]
12, 4, 4, 34315, [('type_0'  'type_0')  ('type_0'  'type_1')  ('type_0'  2333)  ('type_1'  'type_1')  ('type_1'  2329)  (2329  2330)  (2329  2331)  (2330  2331)  (2330  2332)  (2331  2332)  (2331  2333)  (2332  2333)]
9, 1, 1, 34262, [('type_0'  'type_0')  ('type_0'  'type_1')  ('type_0'  2331)  ('type_0'  2332)  ('type_1'  'type_1')  ('type_1'  2329)  (2329  2330)  (2329  2331)  (2330  2331)  (2330  2332)  (2331  2332)]
33, 2, 2, 34144, [('type_0'  'type_0')  ('type_0'  'type_1')  ('type_0'  2334)  ('type_1'  'type_1')  ('type_1'  2329)  (2329  2330)  (2329  2331)  (2330  2331)  (2330  2332)  (2331  2332)  (2332  2334)]
9, 4, 4, 33896, [('type_0'  'type_0')  ('type_0'  'type_1')  ('type_0'  2331)  ('type_0'  2332)  ('type_1'  'type_1')  ('type_1'  2329)  (2329  2330)  (2329  2331)  (2330  2331)  (2330  2332)  (2331  2332)]
23, 2, 2, 33592, [('type_0'  'type_0')  ('type_0'  'type_1')  ('type_0'  2334)  ('type_0'  2335)  ('type_1'  'type_1')  ('type_1'  2329)  ('type_1'  2330)  (2329  2330)  (2329  2331)  (2330  2331)  (2330  2332)  (2331  2332)  (2331  2333)  (2332  2333)  (2332  2334)  (2333  2334)  (2333  2335)  (2334  2335)]
542, 1, 0, 33561, [('type_0'  'type_0')  ('type_0'  'type_1')  ('type_0'  1813)  ('type_1'  'type_1')  ('type_1'  1802)  (1802  1804)  (1804  1805)  (1805  1812)  (1812  1813)]
9, 2, 2, 33443, [('type_0'  'type_0')  ('type_0'  'type_1')  ('type_0'  2331)  ('type_0'  2332)  ('type_1'  'type_1')  ('type_1'  2329)  (2329  2330)  (2329  2331)  (2330  2331)  (2330  2332)  (2331  2332)]
33, 3, 3, 33260, [('type_0'  'type_0')  ('type_0'  'type_1')  ('type_0'  2334)  ('type_1'  'type_1')  ('type_1'  2329)  (2329  2330)  (2329  2331)  (2330  2331)  (2330  2332)  (2331  2332)  (2332  2334)]
16, 2, 2, 33062, [('type_0'  'type_0')  ('type_0'  'type_1')  ('type_0'  2334)  ('type_1'  'type_1')  ('type_1'  2329)  (2329  2330)  (2329  2331)  (2330  2331)  (2330  2332)  (2331  2332)  (2331  2333)  (2332  2333)  (2332  2334)  (2333  2334)]
9, 3, 3, 32879, [('type_0'  'type_0')  ('type_0'  'type_1')  ('type_0'  2331)  ('type_0'  2332)  ('type_1'  'type_1')  ('type_1'  2329)  (2329  2330)  (2329  2331)  (2330  2331)  (2330  2332)  (2331  2332)]
33, 2, 2, 32761, [('type_0'  'type_0')  ('type_0'  'type_1')  ('type_0'  2334)  ('type_1'  'type_1')  ('type_1'  2329)  (2329  2330)  (2329  2331)  (2330  2331)  (2330  2332)  (2331  2332)  (2332  2334)]
16, 1, 1, 32668, [('type_0'  'type_0')  ('type_0'  'type_1')  ('type_0'  2334)  ('type_1'  'type_1')  ('type_1'  2329)  (2329  2330)  (2329  2331)  (2330  2331)  (2330  2332)  (2331  2332)  (2331  2333)  (2332  2333)  (2332  2334)  (2333  2334)]
12, 7, 7, 32134, [('type_0'  'type_0')  ('type_0'  'type_1')  ('type_0'  2333)  ('type_1'  'type_1')  ('type_1'  2329)  (2329  2330)  (2329  2331)  (2330  2331)  (2330  2332)  (2331  2332)  (2331  2333)  (2332  2333)]
9, 3, 3, 31951, [('type_0'  'type_0')  ('type_0'  'type_1')  ('type_0'  2331)  ('type_0'  2332)  ('type_1'  'type_1')  ('type_1'  2329)  (2329  2330)  (2329  2331)  (2330  2331)  (2330  2332)  (2331  2332)]
16, 1, 1, 31858, [('type_0'  'type_0')  ('type_0'  'type_1')  ('type_0'  2334)  ('type_1'  'type_1')  ('type_1'  2329)  (2329  2330)  (2329  2331)  (2330  2331)  (2330  2332)  (2331  2332)  (2331  2333)  (2332  2333)  (2332  2334)  (2333  2334)]
12, 2, 2, 31714, [('type_0'  'type_0')  ('type_0'  'type_1')  ('type_0'  2333)  ('type_1'  'type_1')  ('type_1'  2329)  (2329  2330)  (2329  2331)  (2330  2331)  (2330  2332)  (2331  2332)  (2331  2333)  (2332  2333)]
0, 18, 0, 31729, [('type_0'  'type_0')  ('type_0'  'type_1')  ('type_0'  2330)  ('type_1'  'type_1')  ('type_1'  2329)  (2329  2330)]
23, 2, 4, 31433, [('type_0'  'type_0')  ('type_0'  'type_1')  ('type_0'  2334)  ('type_0'  2335)  ('type_1'  'type_1')  ('type_1'  2329)  ('type_1'  2330)  (2329  2330)  (2329  2331)  (2330  2331)  (2330  2332)  (2331  2332)  (2331  2333)  (2332  2333)  (2332  2334)  (2333  2334)  (2333  2335)  (2334  2335)]
16, 3, 3, 31130, [('type_0'  'type_0')  ('type_0'  'type_1')  ('type_0'  2334)  ('type_1'  'type_1')  ('type_1'  2329)  (2329  2330)  (2329  2331)  (2330  2331)  (2330  2332)  (2331  2332)  (2331  2333)  (2332  2333)  (2332  2334)  (2333  2334)]
50, 2, 0, 31112, [('type_0'  'type_0')  ('type_0'  'type_1')  ('type_0'  2332)  ('type_1'  'type_1')  ('type_1'  2329)  (2329  2330)  (2330  2332)]
9, 6, 6, 30734, [('type_0'  'type_0')  ('type_0'  'type_1')  ('type_0'  2331)  ('type_0'  2332)  ('type_1'  'type_1')  ('type_1'  2329)  (2329  2330)  (2329  2331)  (2330  2331)  (2330  2332)  (2331  2332)]
12, 5, 5, 30356, [('type_0'  'type_0')  ('type_0'  'type_1')  ('type_0'  2333)  ('type_1'  'type_1')  ('type_1'  2329)  (2329  2330)  (2329  2331)  (2330  2331)  (2330  2332)  (2331  2332)  (2331  2333)  (2332  2333)]
0, 5, 0, 30363, [('type_0'  'type_0')  ('type_0'  'type_1')  ('type_0'  2330)  ('type_1'  'type_1')  ('type_1'  2329)  (2329  2330)]
9, 2, 2, 30245, [('type_0'  'type_0')  ('type_0'  'type_1')  ('type_0'  2331)  ('type_0'  2332)  ('type_1'  'type_1')  ('type_1'  2329)  (2329  2330)  (2329  2331)  (2330  2331)  (2330  2332)  (2331  2332)]
16, 7, 10, 29534, [('type_0'  'type_0')  ('type_0'  'type_1')  ('type_0'  2334)  ('type_1'  'type_1')  ('type_1'  2329)  (2329  2330)  (2329  2331)  (2330  2331)  (2330  2332)  (2331  2332)  (2331  2333)  (2332  2333)  (2332  2334)  (2333  2334)]
9, 1, 1, 29481, [('type_0'  'type_0')  ('type_0'  'type_1')  ('type_0'  2331)  ('type_0'  2332)  ('type_1'  'type_1')  ('type_1'  2329)  (2329  2330)  (2329  2331)  (2330  2331)  (2330  2332)  (2331  2332)]
12, 3, 3, 29259, [('type_0'  'type_0')  ('type_0'  'type_1')  ('type_0'  2333)  ('type_1'  'type_1')  ('type_1'  2329)  (2329  2330)  (2329  2331)  (2330  2331)  (2330  2332)  (2331  2332)  (2331  2333)  (2332  2333)]
283, 5, 4, 29000, [('type_0'  'type_0')  ('type_0'  'type_1')  ('type_0'  1567)  ('type_1'  'type_1')  ('type_1'  1563)  (1563  1565)  (1565  1566)  (1565  1567)  (1564  1565)  (1564  1566)  (1566  1567)]
23, 1, 1, 28854, [('type_0'  'type_0')  ('type_0'  'type_1')  ('type_0'  2334)  ('type_0'  2335)  ('type_1'  'type_1')  ('type_1'  2329)  ('type_1'  2330)  (2329  2330)  (2329  2331)  (2330  2331)  (2330  2332)  (2331  2332)  (2331  2333)  (2332  2333)  (2332  2334)  (2333  2334)  (2333  2335)  (2334  2335)]
4, 2, 0, 28810, [('type_0'  'type_0')  ('type_0'  'type_1')  ('type_0'  2331)  ('type_1'  'type_1')  ('type_1'  2329)  (2329  2330)  (2329  2331)  (2330  2331)]
17, 1, 1, 28704, [('type_0'  'type_0')  ('type_0'  'type_1')  ('type_0'  2333)  ('type_0'  2334)  ('type_1'  'type_1')  ('type_1'  2329)  (2329  2330)  (2329  2331)  (2330  2331)  (2330  2332)  (2331  2332)  (2331  2333)  (2332  2333)  (2332  2334)  (2333  2334)]
9, 1, 1, 28651, [('type_0'  'type_0')  ('type_0'  'type_1')  ('type_0'  2331)  ('type_0'  2332)  ('type_1'  'type_1')  ('type_1'  2329)  (2329  2330)  (2329  2331)  (2330  2331)  (2330  2332)  (2331  2332)]
33, 2, 2, 28533, [('type_0'  'type_0')  ('type_0'  'type_1')  ('type_0'  2334)  ('type_1'  'type_1')  ('type_1'  2329)  (2329  2330)  (2329  2331)  (2330  2331)  (2330  2332)  (2331  2332)  (2332  2334)]
9, 3, 3, 28350, [('type_0'  'type_0')  ('type_0'  'type_1')  ('type_0'  2331)  ('type_0'  2332)  ('type_1'  'type_1')  ('type_1'  2329)  (2329  2330)  (2329  2331)  (2330  2331)  (2330  2332)  (2331  2332)]
0, 7, 0, 28355, [('type_0'  'type_0')  ('type_0'  'type_1')  ('type_0'  2330)  ('type_1'  'type_1')  ('type_1'  2329)  (2329  2330)]
16, 1, 1, 28262, [('type_0'  'type_0')  ('type_0'  'type_1')  ('type_0'  2334)  ('type_1'  'type_1')  ('type_1'  2329)  (2329  2330)  (2329  2331)  (2330  2331)  (2330  2332)  (2331  2332)  (2331  2333)  (2332  2333)  (2332  2334)  (2333  2334)]
8, 4, 4, 28107, [('type_0'  'type_0')  ('type_0'  'type_1')  ('type_0'  2332)  ('type_1'  'type_1')  ('type_1'  2329)  (2329  2330)  (2329  2331)  (2330  2331)  (2330  2332)  (2331  2332)]
23, 2, 2, 27803, [('type_0'  'type_0')  ('type_0'  'type_1')  ('type_0'  2334)  ('type_0'  2335)  ('type_1'  'type_1')  ('type_1'  2329)  ('type_1'  2330)  (2329  2330)  (2329  2331)  (2330  2331)  (2330  2332)  (2331  2332)  (2331  2333)  (2332  2333)  (2332  2334)  (2333  2334)  (2333  2335)  (2334  2335)]
8, 1, 1, 27763, [('type_0'  'type_0')  ('type_0'  'type_1')  ('type_0'  2332)  ('type_1'  'type_1')  ('type_1'  2329)  (2329  2330)  (2329  2331)  (2330  2331)  (2330  2332)  (2331  2332)]
16, 1, 0, 27666, [('type_0'  'type_0')  ('type_0'  'type_1')  ('type_0'  2334)  ('type_1'  'type_1')  ('type_1'  2329)  (2329  2330)  (2329  2331)  (2330  2331)  (2330  2332)  (2331  2332)  (2331  2333)  (2332  2333)  (2332  2334)  (2333  2334)]
8, 8, 8, 27262, [('type_0'  'type_0')  ('type_0'  'type_1')  ('type_0'  2332)  ('type_1'  'type_1')  ('type_1'  2329)  (2329  2330)  (2329  2331)  (2330  2331)  (2330  2332)  (2331  2332)]
17, 1, 1, 27156, [('type_0'  'type_0')  ('type_0'  'type_1')  ('type_0'  2333)  ('type_0'  2334)  ('type_1'  'type_1')  ('type_1'  2329)  (2329  2330)  (2329  2331)  (2330  2331)  (2330  2332)  (2331  2332)  (2331  2333)  (2332  2333)  (2332  2334)  (2333  2334)]
0, 5, 0, 27163, [('type_0'  'type_0')  ('type_0'  'type_1')  ('type_0'  2330)  ('type_1'  'type_1')  ('type_1'  2329)  (2329  2330)]
4, 1, 0, 27147, [('type_0'  'type_0')  ('type_0'  'type_1')  ('type_0'  2331)  ('type_1'  'type_1')  ('type_1'  2329)  (2329  2330)  (2329  2331)  (2330  2331)]
50, 1, 0, 27144, [('type_0'  'type_0')  ('type_0'  'type_1')  ('type_0'  2332)  ('type_1'  'type_1')  ('type_1'  2329)  (2329  2330)  (2330  2332)]
449, 3, 2, 27038, [('type_0'  'type_0')  ('type_0'  'type_1')  ('type_0'  1565)  ('type_1'  'type_1')  ('type_1'  1562)  ('type_1'  1563)  (1562  1563)  (1562  1564)  (1563  1565)  (1564  1565)]
23, 1, 1, 26892, [('type_0'  'type_0')  ('type_0'  'type_1')  ('type_0'  2334)  ('type_0'  2335)  ('type_1'  'type_1')  ('type_1'  2329)  ('type_1'  2330)  (2329  2330)  (2329  2331)  (2330  2331)  (2330  2332)  (2331  2332)  (2331  2333)  (2332  2333)  (2332  2334)  (2333  2334)  (2333  2335)  (2334  2335)]
0, 3, 0, 26901, [('type_0'  'type_0')  ('type_0'  'type_1')  ('type_0'  2330)  ('type_1'  'type_1')  ('type_1'  2329)  (2329  2330)]
449, 2, 2, 26809, [('type_0'  'type_0')  ('type_0'  'type_1')  ('type_0'  1565)  ('type_1'  'type_1')  ('type_1'  1562)  ('type_1'  1563)  (1562  1563)  (1562  1564)  (1563  1565)  (1564  1565)]
33, 3, 3, 26626, [('type_0'  'type_0')  ('type_0'  'type_1')  ('type_0'  2334)  ('type_1'  'type_1')  ('type_1'  2329)  (2329  2330)  (2329  2331)  (2330  2331)  (2330  2332)  (2331  2332)  (2332  2334)]
17, 2, 2, 26402, [('type_0'  'type_0')  ('type_0'  'type_1')  ('type_0'  2333)  ('type_0'  2334)  ('type_1'  'type_1')  ('type_1'  2329)  (2329  2330)  (2329  2331)  (2330  2331)  (2330  2332)  (2331  2332)  (2331  2333)  (2332  2333)  (2332  2334)  (2333  2334)]
12, 3, 3, 26180, [('type_0'  'type_0')  ('type_0'  'type_1')  ('type_0'  2333)  ('type_1'  'type_1')  ('type_1'  2329)  (2329  2330)  (2329  2331)  (2330  2331)  (2330  2332)  (2331  2332)  (2331  2333)  (2332  2333)]
0, 5, 0, 26187, [('type_0'  'type_0')  ('type_0'  'type_1')  ('type_0'  2330)  ('type_1'  'type_1')  ('type_1'  2329)  (2329  2330)]
9, 1, 1, 26134, [('type_0'  'type_0')  ('type_0'  'type_1')  ('type_0'  2331)  ('type_0'  2332)  ('type_1'  'type_1')  ('type_1'  2329)  (2329  2330)  (2329  2331)  (2330  2331)  (2330  2332)  (2331  2332)]
16, 2, 2, 25936, [('type_0'  'type_0')  ('type_0'  'type_1')  ('type_0'  2334)  ('type_1'  'type_1')  ('type_1'  2329)  (2329  2330)  (2329  2331)  (2330  2331)  (2330  2332)  (2331  2332)  (2331  2333)  (2332  2333)  (2332  2334)  (2333  2334)]
12, 3, 4, 25718, [('type_0'  'type_0')  ('type_0'  'type_1')  ('type_0'  2333)  ('type_1'  'type_1')  ('type_1'  2329)  (2329  2330)  (2329  2331)  (2330  2331)  (2330  2332)  (2331  2332)  (2331  2333)  (2332  2333)]
155, 2, 0, 25687, [('type_0'  'type_0')  ('type_0'  'type_1')  ('type_0'  2897)  ('type_1'  'type_1')  ('type_1'  2894)  (2894  2895)  (2894  2896)  (2895  2896)  (2895  2897)]
117, 4, 1, 25673, [('type_0'  'type_0')  ('type_0'  'type_1')  ('type_0'  1175)  ('type_1'  'type_1')  ('type_1'  1173)  (1173  1175)  (2602  1175)]
16, 1, 1, 25580, [('type_0'  'type_0')  ('type_0'  'type_1')  ('type_0'  2334)  ('type_1'  'type_1')  ('type_1'  2329)  (2329  2330)  (2329  2331)  (2330  2331)  (2330  2332)  (2331  2332)  (2331  2333)  (2332  2333)  (2332  2334)  (2333  2334)]
8, 1, 1, 25540, [('type_0'  'type_0')  ('type_0'  'type_1')  ('type_0'  2332)  ('type_1'  'type_1')  ('type_1'  2329)  (2329  2330)  (2329  2331)  (2330  2331)  (2330  2332)  (2331  2332)]
279, 3, 2, 25473, [('type_0'  'type_0')  ('type_0'  'type_1')  ('type_0'  1566)  ('type_1'  'type_1')  ('type_1'  1563)  (1563  1565)  (1565  1566)  (1564  1565)  (1564  1566)]
4, 1, 1, 25460, [('type_0'  'type_0')  ('type_0'  'type_1')  ('type_0'  2331)  ('type_1'  'type_1')  ('type_1'  2329)  (2329  2330)  (2329  2331)  (2330  2331)]
23, 1, 1, 25314, [('type_0'  'type_0')  ('type_0'  'type_1')  ('type_0'  2334)  ('type_0'  2335)  ('type_1'  'type_1')  ('type_1'  2329)  ('type_1'  2330)  (2329  2330)  (2329  2331)  (2330  2331)  (2330  2332)  (2331  2332)  (2331  2333)  (2332  2333)  (2332  2334)  (2333  2334)  (2333  2335)  (2334  2335)]
0, 4, 0, 25322, [('type_0'  'type_0')  ('type_0'  'type_1')  ('type_0'  2330)  ('type_1'  'type_1')  ('type_1'  2329)  (2329  2330)]
4, 1, 1, 25309, [('type_0'  'type_0')  ('type_0'  'type_1')  ('type_0'  2331)  ('type_1'  'type_1')  ('type_1'  2329)  (2329  2330)  (2329  2331)  (2330  2331)]
12, 1, 0, 25239, [('type_0'  'type_0')  ('type_0'  'type_1')  ('type_0'  2333)  ('type_1'  'type_1')  ('type_1'  2329)  (2329  2330)  (2329  2331)  (2330  2331)  (2330  2332)  (2331  2332)  (2331  2333)  (2332  2333)]
4, 2, 2, 25201, [('type_0'  'type_0')  ('type_0'  'type_1')  ('type_0'  2331)  ('type_1'  'type_1')  ('type_1'  2329)  (2329  2330)  (2329  2331)  (2330  2331)]
12, 1, 1, 25135, [('type_0'  'type_0')  ('type_0'  'type_1')  ('type_0'  2333)  ('type_1'  'type_1')  ('type_1'  2329)  (2329  2330)  (2329  2331)  (2330  2331)  (2330  2332)  (2331  2332)  (2331  2333)  (2332  2333)]
381, 6, 3, 25097, [('type_0'  'type_0')  ('type_0'  'type_1')  ('type_0'  828)  ('type_1'  'type_1')  ('type_1'  827)  (827  828)  (827  1847)]
23, 1, 1, 24951, [('type_0'  'type_0')  ('type_0'  'type_1')  ('type_0'  2334)  ('type_0'  2335)  ('type_1'  'type_1')  ('type_1'  2329)  ('type_1'  2330)  (2329  2330)  (2329  2331)  (2330  2331)  (2330  2332)  (2331  2332)  (2331  2333)  (2332  2333)  (2332  2334)  (2333  2334)  (2333  2335)  (2334  2335)]
50, 1, 0, 24948, [('type_0'  'type_0')  ('type_0'  'type_1')  ('type_0'  2332)  ('type_1'  'type_1')  ('type_1'  2329)  (2329  2330)  (2330  2332)]
8, 2, 2, 24856, [('type_0'  'type_0')  ('type_0'  'type_1')  ('type_0'  2332)  ('type_1'  'type_1')  ('type_1'  2329)  (2329  2330)  (2329  2331)  (2330  2331)  (2330  2332)  (2331  2332)]
16, 1, 1, 24763, [('type_0'  'type_0')  ('type_0'  'type_1')  ('type_0'  2334)  ('type_1'  'type_1')  ('type_1'  2329)  (2329  2330)  (2329  2331)  (2330  2331)  (2330  2332)  (2331  2332)  (2331  2333)  (2332  2333)  (2332  2334)  (2333  2334)]
12, 3, 3, 24541, [('type_0'  'type_0')  ('type_0'  'type_1')  ('type_0'  2333)  ('type_1'  'type_1')  ('type_1'  2329)  (2329  2330)  (2329  2331)  (2330  2331)  (2330  2332)  (2331  2332)  (2331  2333)  (2332  2333)]
4, 3, 3, 24478, [('type_0'  'type_0')  ('type_0'  'type_1')  ('type_0'  2331)  ('type_1'  'type_1')  ('type_1'  2329)  (2329  2330)  (2329  2331)  (2330  2331)]
11, 3, 2, 24294, [('type_0'  'type_0')  ('type_0'  'type_1')  ('type_0'  2331)  ('type_0'  2332)  ('type_1'  'type_1')  ('type_1'  2329)  ('type_1'  2330)  (2329  2330)  (2329  2331)  (2330  2331)  (2330  2332)  (2331  2332)]
0, 3, 0, 24303, [('type_0'  'type_0')  ('type_0'  'type_1')  ('type_0'  2330)  ('type_1'  'type_1')  ('type_1'  2329)  (2329  2330)]
381, 1, 1, 24303, [('type_0'  'type_0')  ('type_0'  'type_1')  ('type_0'  828)  ('type_1'  'type_1')  ('type_1'  827)  (827  828)  (827  1847)]
8, 1, 1, 24263, [('type_0'  'type_0')  ('type_0'  'type_1')  ('type_0'  2332)  ('type_1'  'type_1')  ('type_1'  2329)  (2329  2330)  (2329  2331)  (2330  2331)  (2330  2332)  (2331  2332)]
4, 2, 2, 24225, [('type_0'  'type_0')  ('type_0'  'type_1')  ('type_0'  2331)  ('type_1'  'type_1')  ('type_1'  2329)  (2329  2330)  (2329  2331)  (2330  2331)]
0, 2, 0, 24235, [('type_0'  'type_0')  ('type_0'  'type_1')  ('type_0'  2330)  ('type_1'  'type_1')  ('type_1'  2329)  (2329  2330)]
4, 1, 1, 24222, [('type_0'  'type_0')  ('type_0'  'type_1')  ('type_0'  2331)  ('type_1'  'type_1')  ('type_1'  2329)  (2329  2330)  (2329  2331)  (2330  2331)]
0, 2, 1, 24234, [('type_0'  'type_0')  ('type_0'  'type_1')  ('type_0'  2330)  ('type_1'  'type_1')  ('type_1'  2329)  (2329  2330)]
11, 1, 1, 24168, [('type_0'  'type_0')  ('type_0'  'type_1')  ('type_0'  2331)  ('type_0'  2332)  ('type_1'  'type_1')  ('type_1'  2329)  ('type_1'  2330)  (2329  2330)  (2329  2331)  (2330  2331)  (2330  2332)  (2331  2332)]
0, 2, 0, 24178, [('type_0'  'type_0')  ('type_0'  'type_1')  ('type_0'  2330)  ('type_1'  'type_1')  ('type_1'  2329)  (2329  2330)]
2728, 2, 1, 24150, [('type_0'  'type_0')  ('type_0'  'type_1')  ('type_0'  493)  ('type_1'  'type_1')  ('type_1'  65)  (65  158)  (158  295)  (295  158)  (295  493)]
12, 6, 7, 23698, [('type_0'  'type_0')  ('type_0'  'type_1')  ('type_0'  2333)  ('type_1'  'type_1')  ('type_1'  2329)  (2329  2330)  (2329  2331)  (2330  2331)  (2330  2332)  (2331  2332)  (2331  2333)  (2332  2333)]
50, 1, 0, 23695, [('type_0'  'type_0')  ('type_0'  'type_1')  ('type_0'  2332)  ('type_1'  'type_1')  ('type_1'  2329)  (2329  2330)  (2330  2332)]
8, 1, 0, 23652, [('type_0'  'type_0')  ('type_0'  'type_1')  ('type_0'  2332)  ('type_1'  'type_1')  ('type_1'  2329)  (2329  2330)  (2329  2331)  (2330  2331)  (2330  2332)  (2331  2332)]
23, 1, 2, 23510, [('type_0'  'type_0')  ('type_0'  'type_1')  ('type_0'  2334)  ('type_0'  2335)  ('type_1'  'type_1')  ('type_1'  2329)  ('type_1'  2330)  (2329  2330)  (2329  2331)  (2330  2331)  (2330  2332)  (2331  2332)  (2331  2333)  (2332  2333)  (2332  2334)  (2333  2334)  (2333  2335)  (2334  2335)]
16, 1, 1, 23417, [('type_0'  'type_0')  ('type_0'  'type_1')  ('type_0'  2334)  ('type_1'  'type_1')  ('type_1'  2329)  (2329  2330)  (2329  2331)  (2330  2331)  (2330  2332)  (2331  2332)  (2331  2333)  (2332  2333)  (2332  2334)  (2333  2334)]
17, 1, 0, 23307, [('type_0'  'type_0')  ('type_0'  'type_1')  ('type_0'  2333)  ('type_0'  2334)  ('type_1'  'type_1')  ('type_1'  2329)  (2329  2330)  (2329  2331)  (2330  2331)  (2330  2332)  (2331  2332)  (2331  2333)  (2332  2333)  (2332  2334)  (2333  2334)]
0, 1, 0, 23318, [('type_0'  'type_0')  ('type_0'  'type_1')  ('type_0'  2330)  ('type_1'  'type_1')  ('type_1'  2329)  (2329  2330)]
3117, 1, 0, 23337, [('type_0'  'type_0')  ('type_0'  'type_1')  ('type_0'  0)  ('type_0'  2078)  ('type_1'  'type_1')  ('type_1'  0)  ('type_1'  2078)  (0  2078)  (2078  0)]
Basic edge list: 81023 bits
Final compression: 23337 bits (28.802932500647962 percent)
Best compression: 23307 bits (28.765905977315082 percent) occurred with 2997 of 3000 nodes compressed (99.9 percent)

real	6m10.683s
user	6m11.780s
sys	0m1.808s
