rule_id, collapses, edges_approx, total_cost, rule_details
22, 17, 17, 78684, [('type_0'  'type_0')  ('type_0'  'type_1')  ('type_0'  1378)  ('type_1'  'type_1')  ('type_1'  1372)  ('type_1'  1373)  (1372  1373)  (1372  1374)  (1373  1374)  (1373  1375)  (1374  1375)  (1374  1376)  (1375  1376)  (1375  1377)  (1376  1377)  (1376  1378)  (1377  1378)]
21, 16, 16, 76466, [('type_0'  'type_0')  ('type_0'  'type_1')  ('type_0'  1377)  ('type_0'  1378)  ('type_1'  'type_1')  ('type_1'  1372)  (1372  1373)  (1372  1374)  (1373  1374)  (1373  1375)  (1374  1375)  (1374  1376)  (1375  1376)  (1375  1377)  (1376  1377)  (1376  1378)  (1377  1378)]
22, 5, 5, 75753, [('type_0'  'type_0')  ('type_0'  'type_1')  ('type_0'  1378)  ('type_1'  'type_1')  ('type_1'  1372)  ('type_1'  1373)  (1372  1373)  (1372  1374)  (1373  1374)  (1373  1375)  (1374  1375)  (1374  1376)  (1375  1376)  (1375  1377)  (1376  1377)  (1376  1378)  (1377  1378)]
560, 6, 0, 75565, [('type_0'  'type_0')  ('type_0'  'type_1')  ('type_0'  2551)  ('type_1'  'type_1')  ('type_1'  2539)  (2539  2541)  (2541  2542)  (2542  2549)  (2549  2551)]
21, 3, 3, 75142, [('type_0'  'type_0')  ('type_0'  'type_1')  ('type_0'  1377)  ('type_0'  1378)  ('type_1'  'type_1')  ('type_1'  1372)  (1372  1373)  (1372  1374)  (1373  1374)  (1373  1375)  (1374  1375)  (1374  1376)  (1375  1376)  (1375  1377)  (1376  1377)  (1376  1378)  (1377  1378)]
560, 2, 0, 75068, [('type_0'  'type_0')  ('type_0'  'type_1')  ('type_0'  2551)  ('type_1'  'type_1')  ('type_1'  2539)  (2539  2541)  (2541  2542)  (2542  2549)  (2549  2551)]
22, 11, 11, 73485, [('type_0'  'type_0')  ('type_0'  'type_1')  ('type_0'  1378)  ('type_1'  'type_1')  ('type_1'  1372)  ('type_1'  1373)  (1372  1373)  (1372  1374)  (1373  1374)  (1373  1375)  (1374  1375)  (1374  1376)  (1375  1376)  (1375  1377)  (1376  1377)  (1376  1378)  (1377  1378)]
560, 2, 0, 73411, [('type_0'  'type_0')  ('type_0'  'type_1')  ('type_0'  2551)  ('type_1'  'type_1')  ('type_1'  2539)  (2539  2541)  (2541  2542)  (2542  2549)  (2549  2551)]
22, 4, 4, 72843, [('type_0'  'type_0')  ('type_0'  'type_1')  ('type_0'  1378)  ('type_1'  'type_1')  ('type_1'  1372)  ('type_1'  1373)  (1372  1373)  (1372  1374)  (1373  1374)  (1373  1375)  (1374  1375)  (1374  1376)  (1375  1376)  (1375  1377)  (1376  1377)  (1376  1378)  (1377  1378)]
21, 3, 3, 72420, [('type_0'  'type_0')  ('type_0'  'type_1')  ('type_0'  1377)  ('type_0'  1378)  ('type_1'  'type_1')  ('type_1'  1372)  (1372  1373)  (1372  1374)  (1373  1374)  (1373  1375)  (1374  1375)  (1374  1376)  (1375  1376)  (1375  1377)  (1376  1377)  (1376  1378)  (1377  1378)]
560, 2, 0, 72346, [('type_0'  'type_0')  ('type_0'  'type_1')  ('type_0'  2551)  ('type_1'  'type_1')  ('type_1'  2539)  (2539  2541)  (2541  2542)  (2542  2549)  (2549  2551)]
22, 3, 3, 71923, [('type_0'  'type_0')  ('type_0'  'type_1')  ('type_0'  1378)  ('type_1'  'type_1')  ('type_1'  1372)  ('type_1'  1373)  (1372  1373)  (1372  1374)  (1373  1374)  (1373  1375)  (1374  1375)  (1374  1376)  (1375  1376)  (1375  1377)  (1376  1377)  (1376  1378)  (1377  1378)]
21, 2, 2, 71645, [('type_0'  'type_0')  ('type_0'  'type_1')  ('type_0'  1377)  ('type_0'  1378)  ('type_1'  'type_1')  ('type_1'  1372)  (1372  1373)  (1372  1374)  (1373  1374)  (1373  1375)  (1374  1375)  (1374  1376)  (1375  1376)  (1375  1377)  (1376  1377)  (1376  1378)  (1377  1378)]
560, 2, 0, 71571, [('type_0'  'type_0')  ('type_0'  'type_1')  ('type_0'  2551)  ('type_1'  'type_1')  ('type_1'  2539)  (2539  2541)  (2541  2542)  (2542  2549)  (2549  2551)]
21, 10, 10, 70133, [('type_0'  'type_0')  ('type_0'  'type_1')  ('type_0'  1377)  ('type_0'  1378)  ('type_1'  'type_1')  ('type_1'  1372)  (1372  1373)  (1372  1374)  (1373  1374)  (1373  1375)  (1374  1375)  (1374  1376)  (1375  1376)  (1375  1377)  (1376  1377)  (1376  1378)  (1377  1378)]
560, 2, 0, 70059, [('type_0'  'type_0')  ('type_0'  'type_1')  ('type_0'  2551)  ('type_1'  'type_1')  ('type_1'  2539)  (2539  2541)  (2541  2542)  (2542  2549)  (2549  2551)]
22, 2, 2, 69781, [('type_0'  'type_0')  ('type_0'  'type_1')  ('type_0'  1378)  ('type_1'  'type_1')  ('type_1'  1372)  ('type_1'  1373)  (1372  1373)  (1372  1374)  (1373  1374)  (1373  1375)  (1374  1375)  (1374  1376)  (1375  1376)  (1375  1377)  (1376  1377)  (1376  1378)  (1377  1378)]
21, 1, 1, 69648, [('type_0'  'type_0')  ('type_0'  'type_1')  ('type_0'  1377)  ('type_0'  1378)  ('type_1'  'type_1')  ('type_1'  1372)  (1372  1373)  (1372  1374)  (1373  1374)  (1373  1375)  (1374  1375)  (1374  1376)  (1375  1376)  (1375  1377)  (1376  1377)  (1376  1378)  (1377  1378)]
560, 1, 0, 69617, [('type_0'  'type_0')  ('type_0'  'type_1')  ('type_0'  2551)  ('type_1'  'type_1')  ('type_1'  2539)  (2539  2541)  (2541  2542)  (2542  2549)  (2549  2551)]
22, 4, 6, 69057, [('type_0'  'type_0')  ('type_0'  'type_1')  ('type_0'  1378)  ('type_1'  'type_1')  ('type_1'  1372)  ('type_1'  1373)  (1372  1373)  (1372  1374)  (1373  1374)  (1373  1375)  (1374  1375)  (1374  1376)  (1375  1376)  (1375  1377)  (1376  1377)  (1376  1378)  (1377  1378)]
21, 2, 2, 68779, [('type_0'  'type_0')  ('type_0'  'type_1')  ('type_0'  1377)  ('type_0'  1378)  ('type_1'  'type_1')  ('type_1'  1372)  (1372  1373)  (1372  1374)  (1373  1374)  (1373  1375)  (1374  1375)  (1374  1376)  (1375  1376)  (1375  1377)  (1376  1377)  (1376  1378)  (1377  1378)]
22, 4, 6, 68219, [('type_0'  'type_0')  ('type_0'  'type_1')  ('type_0'  1378)  ('type_1'  'type_1')  ('type_1'  1372)  ('type_1'  1373)  (1372  1373)  (1372  1374)  (1373  1374)  (1373  1375)  (1374  1375)  (1374  1376)  (1375  1376)  (1375  1377)  (1376  1377)  (1376  1378)  (1377  1378)]
21, 1, 1, 68086, [('type_0'  'type_0')  ('type_0'  'type_1')  ('type_0'  1377)  ('type_0'  1378)  ('type_1'  'type_1')  ('type_1'  1372)  (1372  1373)  (1372  1374)  (1373  1374)  (1373  1375)  (1374  1375)  (1374  1376)  (1375  1376)  (1375  1377)  (1376  1377)  (1376  1378)  (1377  1378)]
22, 1, 1, 67953, [('type_0'  'type_0')  ('type_0'  'type_1')  ('type_0'  1378)  ('type_1'  'type_1')  ('type_1'  1372)  ('type_1'  1373)  (1372  1373)  (1372  1374)  (1373  1374)  (1373  1375)  (1374  1375)  (1374  1376)  (1375  1376)  (1375  1377)  (1376  1377)  (1376  1378)  (1377  1378)]
560, 1, 0, 67922, [('type_0'  'type_0')  ('type_0'  'type_1')  ('type_0'  2551)  ('type_1'  'type_1')  ('type_1'  2539)  (2539  2541)  (2541  2542)  (2542  2549)  (2549  2551)]
21, 5, 5, 67209, [('type_0'  'type_0')  ('type_0'  'type_1')  ('type_0'  1377)  ('type_0'  1378)  ('type_1'  'type_1')  ('type_1'  1372)  (1372  1373)  (1372  1374)  (1373  1374)  (1373  1375)  (1374  1375)  (1374  1376)  (1375  1376)  (1375  1377)  (1376  1377)  (1376  1378)  (1377  1378)]
22, 1, 1, 67076, [('type_0'  'type_0')  ('type_0'  'type_1')  ('type_0'  1378)  ('type_1'  'type_1')  ('type_1'  1372)  ('type_1'  1373)  (1372  1373)  (1372  1374)  (1373  1374)  (1373  1375)  (1374  1375)  (1374  1376)  (1375  1376)  (1375  1377)  (1376  1377)  (1376  1378)  (1377  1378)]
560, 1, 0, 67045, [('type_0'  'type_0')  ('type_0'  'type_1')  ('type_0'  2551)  ('type_1'  'type_1')  ('type_1'  2539)  (2539  2541)  (2541  2542)  (2542  2549)  (2549  2551)]
50, 6, 0, 66998, [('type_0'  'type_0')  ('type_0'  'type_1')  ('type_0'  1375)  ('type_1'  'type_1')  ('type_1'  1372)  (1372  1373)  (1373  1375)]
22, 2, 3, 66724, [('type_0'  'type_0')  ('type_0'  'type_1')  ('type_0'  1378)  ('type_1'  'type_1')  ('type_1'  1372)  ('type_1'  1373)  (1372  1373)  (1372  1374)  (1373  1374)  (1373  1375)  (1374  1375)  (1374  1376)  (1375  1376)  (1375  1377)  (1376  1377)  (1376  1378)  (1377  1378)]
21, 1, 1, 66591, [('type_0'  'type_0')  ('type_0'  'type_1')  ('type_0'  1377)  ('type_0'  1378)  ('type_1'  'type_1')  ('type_1'  1372)  (1372  1373)  (1372  1374)  (1373  1374)  (1373  1375)  (1374  1375)  (1374  1376)  (1375  1376)  (1375  1377)  (1376  1377)  (1376  1378)  (1377  1378)]
22, 1, 1, 66458, [('type_0'  'type_0')  ('type_0'  'type_1')  ('type_0'  1378)  ('type_1'  'type_1')  ('type_1'  1372)  ('type_1'  1373)  (1372  1373)  (1372  1374)  (1373  1374)  (1373  1375)  (1374  1375)  (1374  1376)  (1375  1376)  (1375  1377)  (1376  1377)  (1376  1378)  (1377  1378)]
560, 1, 0, 66427, [('type_0'  'type_0')  ('type_0'  'type_1')  ('type_0'  2551)  ('type_1'  'type_1')  ('type_1'  2539)  (2539  2541)  (2541  2542)  (2542  2549)  (2549  2551)]
21, 2, 3, 66153, [('type_0'  'type_0')  ('type_0'  'type_1')  ('type_0'  1377)  ('type_0'  1378)  ('type_1'  'type_1')  ('type_1'  1372)  (1372  1373)  (1372  1374)  (1373  1374)  (1373  1375)  (1374  1375)  (1374  1376)  (1375  1376)  (1375  1377)  (1376  1377)  (1376  1378)  (1377  1378)]
22, 1, 1, 66020, [('type_0'  'type_0')  ('type_0'  'type_1')  ('type_0'  1378)  ('type_1'  'type_1')  ('type_1'  1372)  ('type_1'  1373)  (1372  1373)  (1372  1374)  (1373  1374)  (1373  1375)  (1374  1375)  (1374  1376)  (1375  1376)  (1375  1377)  (1376  1377)  (1376  1378)  (1377  1378)]
21, 1, 1, 65887, [('type_0'  'type_0')  ('type_0'  'type_1')  ('type_0'  1377)  ('type_0'  1378)  ('type_1'  'type_1')  ('type_1'  1372)  (1372  1373)  (1372  1374)  (1373  1374)  (1373  1375)  (1374  1375)  (1374  1376)  (1375  1376)  (1375  1377)  (1376  1377)  (1376  1378)  (1377  1378)]
22, 1, 1, 65754, [('type_0'  'type_0')  ('type_0'  'type_1')  ('type_0'  1378)  ('type_1'  'type_1')  ('type_1'  1372)  ('type_1'  1373)  (1372  1373)  (1372  1374)  (1373  1374)  (1373  1375)  (1374  1375)  (1374  1376)  (1375  1376)  (1375  1377)  (1376  1377)  (1376  1378)  (1377  1378)]
560, 1, 0, 65723, [('type_0'  'type_0')  ('type_0'  'type_1')  ('type_0'  2551)  ('type_1'  'type_1')  ('type_1'  2539)  (2539  2541)  (2541  2542)  (2542  2549)  (2549  2551)]
21, 5, 5, 65010, [('type_0'  'type_0')  ('type_0'  'type_1')  ('type_0'  1377)  ('type_0'  1378)  ('type_1'  'type_1')  ('type_1'  1372)  (1372  1373)  (1372  1374)  (1373  1374)  (1373  1375)  (1374  1375)  (1374  1376)  (1375  1376)  (1375  1377)  (1376  1377)  (1376  1378)  (1377  1378)]
22, 1, 1, 64877, [('type_0'  'type_0')  ('type_0'  'type_1')  ('type_0'  1378)  ('type_1'  'type_1')  ('type_1'  1372)  ('type_1'  1373)  (1372  1373)  (1372  1374)  (1373  1374)  (1373  1375)  (1374  1375)  (1374  1376)  (1375  1376)  (1375  1377)  (1376  1377)  (1376  1378)  (1377  1378)]
560, 1, 0, 64846, [('type_0'  'type_0')  ('type_0'  'type_1')  ('type_0'  2551)  ('type_1'  'type_1')  ('type_1'  2539)  (2539  2541)  (2541  2542)  (2542  2549)  (2549  2551)]
21, 1, 1, 64713, [('type_0'  'type_0')  ('type_0'  'type_1')  ('type_0'  1377)  ('type_0'  1378)  ('type_1'  'type_1')  ('type_1'  1372)  (1372  1373)  (1372  1374)  (1373  1374)  (1373  1375)  (1374  1375)  (1374  1376)  (1375  1376)  (1375  1377)  (1376  1377)  (1376  1378)  (1377  1378)]
22, 1, 1, 64580, [('type_0'  'type_0')  ('type_0'  'type_1')  ('type_0'  1378)  ('type_1'  'type_1')  ('type_1'  1372)  ('type_1'  1373)  (1372  1373)  (1372  1374)  (1373  1374)  (1373  1375)  (1374  1375)  (1374  1376)  (1375  1376)  (1375  1377)  (1376  1377)  (1376  1378)  (1377  1378)]
560, 1, 0, 64549, [('type_0'  'type_0')  ('type_0'  'type_1')  ('type_0'  2551)  ('type_1'  'type_1')  ('type_1'  2539)  (2539  2541)  (2541  2542)  (2542  2549)  (2549  2551)]
21, 5, 5, 63836, [('type_0'  'type_0')  ('type_0'  'type_1')  ('type_0'  1377)  ('type_0'  1378)  ('type_1'  'type_1')  ('type_1'  1372)  (1372  1373)  (1372  1374)  (1373  1374)  (1373  1375)  (1374  1375)  (1374  1376)  (1375  1376)  (1375  1377)  (1376  1377)  (1376  1378)  (1377  1378)]
560, 1, 0, 63805, [('type_0'  'type_0')  ('type_0'  'type_1')  ('type_0'  2551)  ('type_1'  'type_1')  ('type_1'  2539)  (2539  2541)  (2541  2542)  (2542  2549)  (2549  2551)]
21, 1, 2, 63676, [('type_0'  'type_0')  ('type_0'  'type_1')  ('type_0'  1377)  ('type_0'  1378)  ('type_1'  'type_1')  ('type_1'  1372)  (1372  1373)  (1372  1374)  (1373  1374)  (1373  1375)  (1374  1375)  (1374  1376)  (1375  1376)  (1375  1377)  (1376  1377)  (1376  1378)  (1377  1378)]
22, 1, 1, 63543, [('type_0'  'type_0')  ('type_0'  'type_1')  ('type_0'  1378)  ('type_1'  'type_1')  ('type_1'  1372)  ('type_1'  1373)  (1372  1373)  (1372  1374)  (1373  1374)  (1373  1375)  (1374  1375)  (1374  1376)  (1375  1376)  (1375  1377)  (1376  1377)  (1376  1378)  (1377  1378)]
21, 3, 3, 63120, [('type_0'  'type_0')  ('type_0'  'type_1')  ('type_0'  1377)  ('type_0'  1378)  ('type_1'  'type_1')  ('type_1'  1372)  (1372  1373)  (1372  1374)  (1373  1374)  (1373  1375)  (1374  1375)  (1374  1376)  (1375  1376)  (1375  1377)  (1376  1377)  (1376  1378)  (1377  1378)]
560, 1, 0, 63089, [('type_0'  'type_0')  ('type_0'  'type_1')  ('type_0'  2551)  ('type_1'  'type_1')  ('type_1'  2539)  (2539  2541)  (2541  2542)  (2542  2549)  (2549  2551)]
21, 6, 8, 62239, [('type_0'  'type_0')  ('type_0'  'type_1')  ('type_0'  1377)  ('type_0'  1378)  ('type_1'  'type_1')  ('type_1'  1372)  (1372  1373)  (1372  1374)  (1373  1374)  (1373  1375)  (1374  1375)  (1374  1376)  (1375  1376)  (1375  1377)  (1376  1377)  (1376  1378)  (1377  1378)]
22, 1, 1, 62106, [('type_0'  'type_0')  ('type_0'  'type_1')  ('type_0'  1378)  ('type_1'  'type_1')  ('type_1'  1372)  ('type_1'  1373)  (1372  1373)  (1372  1374)  (1373  1374)  (1373  1375)  (1374  1375)  (1374  1376)  (1375  1376)  (1375  1377)  (1376  1377)  (1376  1378)  (1377  1378)]
560, 1, 0, 62075, [('type_0'  'type_0')  ('type_0'  'type_1')  ('type_0'  2551)  ('type_1'  'type_1')  ('type_1'  2539)  (2539  2541)  (2541  2542)  (2542  2549)  (2549  2551)]
21, 1, 1, 61942, [('type_0'  'type_0')  ('type_0'  'type_1')  ('type_0'  1377)  ('type_0'  1378)  ('type_1'  'type_1')  ('type_1'  1372)  (1372  1373)  (1372  1374)  (1373  1374)  (1373  1375)  (1374  1375)  (1374  1376)  (1375  1376)  (1375  1377)  (1376  1377)  (1376  1378)  (1377  1378)]
22, 1, 1, 61809, [('type_0'  'type_0')  ('type_0'  'type_1')  ('type_0'  1378)  ('type_1'  'type_1')  ('type_1'  1372)  ('type_1'  1373)  (1372  1373)  (1372  1374)  (1373  1374)  (1373  1375)  (1374  1375)  (1374  1376)  (1375  1376)  (1375  1377)  (1376  1377)  (1376  1378)  (1377  1378)]
560, 1, 0, 61778, [('type_0'  'type_0')  ('type_0'  'type_1')  ('type_0'  2551)  ('type_1'  'type_1')  ('type_1'  2539)  (2539  2541)  (2541  2542)  (2542  2549)  (2549  2551)]
21, 5, 5, 61065, [('type_0'  'type_0')  ('type_0'  'type_1')  ('type_0'  1377)  ('type_0'  1378)  ('type_1'  'type_1')  ('type_1'  1372)  (1372  1373)  (1372  1374)  (1373  1374)  (1373  1375)  (1374  1375)  (1374  1376)  (1375  1376)  (1375  1377)  (1376  1377)  (1376  1378)  (1377  1378)]
22, 1, 1, 60932, [('type_0'  'type_0')  ('type_0'  'type_1')  ('type_0'  1378)  ('type_1'  'type_1')  ('type_1'  1372)  ('type_1'  1373)  (1372  1373)  (1372  1374)  (1373  1374)  (1373  1375)  (1374  1375)  (1374  1376)  (1375  1376)  (1375  1377)  (1376  1377)  (1376  1378)  (1377  1378)]
560, 1, 0, 60901, [('type_0'  'type_0')  ('type_0'  'type_1')  ('type_0'  2551)  ('type_1'  'type_1')  ('type_1'  2539)  (2539  2541)  (2541  2542)  (2542  2549)  (2549  2551)]
21, 1, 1, 60768, [('type_0'  'type_0')  ('type_0'  'type_1')  ('type_0'  1377)  ('type_0'  1378)  ('type_1'  'type_1')  ('type_1'  1372)  (1372  1373)  (1372  1374)  (1373  1374)  (1373  1375)  (1374  1375)  (1374  1376)  (1375  1376)  (1375  1377)  (1376  1377)  (1376  1378)  (1377  1378)]
22, 1, 1, 60635, [('type_0'  'type_0')  ('type_0'  'type_1')  ('type_0'  1378)  ('type_1'  'type_1')  ('type_1'  1372)  ('type_1'  1373)  (1372  1373)  (1372  1374)  (1373  1374)  (1373  1375)  (1374  1375)  (1374  1376)  (1375  1376)  (1375  1377)  (1376  1377)  (1376  1378)  (1377  1378)]
560, 1, 0, 60604, [('type_0'  'type_0')  ('type_0'  'type_1')  ('type_0'  2551)  ('type_1'  'type_1')  ('type_1'  2539)  (2539  2541)  (2541  2542)  (2542  2549)  (2549  2551)]
21, 5, 5, 59891, [('type_0'  'type_0')  ('type_0'  'type_1')  ('type_0'  1377)  ('type_0'  1378)  ('type_1'  'type_1')  ('type_1'  1372)  (1372  1373)  (1372  1374)  (1373  1374)  (1373  1375)  (1374  1375)  (1374  1376)  (1375  1376)  (1375  1377)  (1376  1377)  (1376  1378)  (1377  1378)]
560, 1, 0, 59860, [('type_0'  'type_0')  ('type_0'  'type_1')  ('type_0'  2551)  ('type_1'  'type_1')  ('type_1'  2539)  (2539  2541)  (2541  2542)  (2542  2549)  (2549  2551)]
22, 2, 3, 59586, [('type_0'  'type_0')  ('type_0'  'type_1')  ('type_0'  1378)  ('type_1'  'type_1')  ('type_1'  1372)  ('type_1'  1373)  (1372  1373)  (1372  1374)  (1373  1374)  (1373  1375)  (1374  1375)  (1374  1376)  (1375  1376)  (1375  1377)  (1376  1377)  (1376  1378)  (1377  1378)]
21, 1, 1, 59453, [('type_0'  'type_0')  ('type_0'  'type_1')  ('type_0'  1377)  ('type_0'  1378)  ('type_1'  'type_1')  ('type_1'  1372)  (1372  1373)  (1372  1374)  (1373  1374)  (1373  1375)  (1374  1375)  (1374  1376)  (1375  1376)  (1375  1377)  (1376  1377)  (1376  1378)  (1377  1378)]
22, 1, 1, 59320, [('type_0'  'type_0')  ('type_0'  'type_1')  ('type_0'  1378)  ('type_1'  'type_1')  ('type_1'  1372)  ('type_1'  1373)  (1372  1373)  (1372  1374)  (1373  1374)  (1373  1375)  (1374  1375)  (1374  1376)  (1375  1376)  (1375  1377)  (1376  1377)  (1376  1378)  (1377  1378)]
560, 1, 0, 59289, [('type_0'  'type_0')  ('type_0'  'type_1')  ('type_0'  2551)  ('type_1'  'type_1')  ('type_1'  2539)  (2539  2541)  (2541  2542)  (2542  2549)  (2549  2551)]
21, 5, 5, 58576, [('type_0'  'type_0')  ('type_0'  'type_1')  ('type_0'  1377)  ('type_0'  1378)  ('type_1'  'type_1')  ('type_1'  1372)  (1372  1373)  (1372  1374)  (1373  1374)  (1373  1375)  (1374  1375)  (1374  1376)  (1375  1376)  (1375  1377)  (1376  1377)  (1376  1378)  (1377  1378)]
560, 1, 0, 58545, [('type_0'  'type_0')  ('type_0'  'type_1')  ('type_0'  2551)  ('type_1'  'type_1')  ('type_1'  2539)  (2539  2541)  (2541  2542)  (2542  2549)  (2549  2551)]
21, 5, 6, 57836, [('type_0'  'type_0')  ('type_0'  'type_1')  ('type_0'  1377)  ('type_0'  1378)  ('type_1'  'type_1')  ('type_1'  1372)  (1372  1373)  (1372  1374)  (1373  1374)  (1373  1375)  (1374  1375)  (1374  1376)  (1375  1376)  (1375  1377)  (1376  1377)  (1376  1378)  (1377  1378)]
22, 1, 1, 57703, [('type_0'  'type_0')  ('type_0'  'type_1')  ('type_0'  1378)  ('type_1'  'type_1')  ('type_1'  1372)  ('type_1'  1373)  (1372  1373)  (1372  1374)  (1373  1374)  (1373  1375)  (1374  1375)  (1374  1376)  (1375  1376)  (1375  1377)  (1376  1377)  (1376  1378)  (1377  1378)]
560, 1, 0, 57672, [('type_0'  'type_0')  ('type_0'  'type_1')  ('type_0'  2551)  ('type_1'  'type_1')  ('type_1'  2539)  (2539  2541)  (2541  2542)  (2542  2549)  (2549  2551)]
21, 1, 2, 57543, [('type_0'  'type_0')  ('type_0'  'type_1')  ('type_0'  1377)  ('type_0'  1378)  ('type_1'  'type_1')  ('type_1'  1372)  (1372  1373)  (1372  1374)  (1373  1374)  (1373  1375)  (1374  1375)  (1374  1376)  (1375  1376)  (1375  1377)  (1376  1377)  (1376  1378)  (1377  1378)]
22, 1, 1, 57410, [('type_0'  'type_0')  ('type_0'  'type_1')  ('type_0'  1378)  ('type_1'  'type_1')  ('type_1'  1372)  ('type_1'  1373)  (1372  1373)  (1372  1374)  (1373  1374)  (1373  1375)  (1374  1375)  (1374  1376)  (1375  1376)  (1375  1377)  (1376  1377)  (1376  1378)  (1377  1378)]
50, 3, 0, 57377, [('type_0'  'type_0')  ('type_0'  'type_1')  ('type_0'  1375)  ('type_1'  'type_1')  ('type_1'  1372)  (1372  1373)  (1373  1375)]
22, 2, 3, 57103, [('type_0'  'type_0')  ('type_0'  'type_1')  ('type_0'  1378)  ('type_1'  'type_1')  ('type_1'  1372)  ('type_1'  1373)  (1372  1373)  (1372  1374)  (1373  1374)  (1373  1375)  (1374  1375)  (1374  1376)  (1375  1376)  (1375  1377)  (1376  1377)  (1376  1378)  (1377  1378)]
21, 1, 1, 56970, [('type_0'  'type_0')  ('type_0'  'type_1')  ('type_0'  1377)  ('type_0'  1378)  ('type_1'  'type_1')  ('type_1'  1372)  (1372  1373)  (1372  1374)  (1373  1374)  (1373  1375)  (1374  1375)  (1374  1376)  (1375  1376)  (1375  1377)  (1376  1377)  (1376  1378)  (1377  1378)]
22, 1, 1, 56837, [('type_0'  'type_0')  ('type_0'  'type_1')  ('type_0'  1378)  ('type_1'  'type_1')  ('type_1'  1372)  ('type_1'  1373)  (1372  1373)  (1372  1374)  (1373  1374)  (1373  1375)  (1374  1375)  (1374  1376)  (1375  1376)  (1375  1377)  (1376  1377)  (1376  1378)  (1377  1378)]
560, 1, 0, 56806, [('type_0'  'type_0')  ('type_0'  'type_1')  ('type_0'  2551)  ('type_1'  'type_1')  ('type_1'  2539)  (2539  2541)  (2541  2542)  (2542  2549)  (2549  2551)]
22, 3, 4, 56387, [('type_0'  'type_0')  ('type_0'  'type_1')  ('type_0'  1378)  ('type_1'  'type_1')  ('type_1'  1372)  ('type_1'  1373)  (1372  1373)  (1372  1374)  (1373  1374)  (1373  1375)  (1374  1375)  (1374  1376)  (1375  1376)  (1375  1377)  (1376  1377)  (1376  1378)  (1377  1378)]
21, 1, 1, 56254, [('type_0'  'type_0')  ('type_0'  'type_1')  ('type_0'  1377)  ('type_0'  1378)  ('type_1'  'type_1')  ('type_1'  1372)  (1372  1373)  (1372  1374)  (1373  1374)  (1373  1375)  (1374  1375)  (1374  1376)  (1375  1376)  (1375  1377)  (1376  1377)  (1376  1378)  (1377  1378)]
560, 1, 0, 56223, [('type_0'  'type_0')  ('type_0'  'type_1')  ('type_0'  2551)  ('type_1'  'type_1')  ('type_1'  2539)  (2539  2541)  (2541  2542)  (2542  2549)  (2549  2551)]
22, 1, 1, 56090, [('type_0'  'type_0')  ('type_0'  'type_1')  ('type_0'  1378)  ('type_1'  'type_1')  ('type_1'  1372)  ('type_1'  1373)  (1372  1373)  (1372  1374)  (1373  1374)  (1373  1375)  (1374  1375)  (1374  1376)  (1375  1376)  (1375  1377)  (1376  1377)  (1376  1378)  (1377  1378)]
21, 5, 5, 55377, [('type_0'  'type_0')  ('type_0'  'type_1')  ('type_0'  1377)  ('type_0'  1378)  ('type_1'  'type_1')  ('type_1'  1372)  (1372  1373)  (1372  1374)  (1373  1374)  (1373  1375)  (1374  1375)  (1374  1376)  (1375  1376)  (1375  1377)  (1376  1377)  (1376  1378)  (1377  1378)]
560, 1, 0, 55346, [('type_0'  'type_0')  ('type_0'  'type_1')  ('type_0'  2551)  ('type_1'  'type_1')  ('type_1'  2539)  (2539  2541)  (2541  2542)  (2542  2549)  (2549  2551)]
22, 1, 1, 55213, [('type_0'  'type_0')  ('type_0'  'type_1')  ('type_0'  1378)  ('type_1'  'type_1')  ('type_1'  1372)  ('type_1'  1373)  (1372  1373)  (1372  1374)  (1373  1374)  (1373  1375)  (1374  1375)  (1374  1376)  (1375  1376)  (1375  1377)  (1376  1377)  (1376  1378)  (1377  1378)]
21, 1, 1, 55080, [('type_0'  'type_0')  ('type_0'  'type_1')  ('type_0'  1377)  ('type_0'  1378)  ('type_1'  'type_1')  ('type_1'  1372)  (1372  1373)  (1372  1374)  (1373  1374)  (1373  1375)  (1374  1375)  (1374  1376)  (1375  1376)  (1375  1377)  (1376  1377)  (1376  1378)  (1377  1378)]
560, 1, 0, 55049, [('type_0'  'type_0')  ('type_0'  'type_1')  ('type_0'  2551)  ('type_1'  'type_1')  ('type_1'  2539)  (2539  2541)  (2541  2542)  (2542  2549)  (2549  2551)]
22, 1, 1, 54916, [('type_0'  'type_0')  ('type_0'  'type_1')  ('type_0'  1378)  ('type_1'  'type_1')  ('type_1'  1372)  ('type_1'  1373)  (1372  1373)  (1372  1374)  (1373  1374)  (1373  1375)  (1374  1375)  (1374  1376)  (1375  1376)  (1375  1377)  (1376  1377)  (1376  1378)  (1377  1378)]
21, 3, 3, 54493, [('type_0'  'type_0')  ('type_0'  'type_1')  ('type_0'  1377)  ('type_0'  1378)  ('type_1'  'type_1')  ('type_1'  1372)  (1372  1373)  (1372  1374)  (1373  1374)  (1373  1375)  (1374  1375)  (1374  1376)  (1375  1376)  (1375  1377)  (1376  1377)  (1376  1378)  (1377  1378)]
560, 1, 0, 54462, [('type_0'  'type_0')  ('type_0'  'type_1')  ('type_0'  2551)  ('type_1'  'type_1')  ('type_1'  2539)  (2539  2541)  (2541  2542)  (2542  2549)  (2549  2551)]
21, 3, 4, 54043, [('type_0'  'type_0')  ('type_0'  'type_1')  ('type_0'  1377)  ('type_0'  1378)  ('type_1'  'type_1')  ('type_1'  1372)  (1372  1373)  (1372  1374)  (1373  1374)  (1373  1375)  (1374  1375)  (1374  1376)  (1375  1376)  (1375  1377)  (1376  1377)  (1376  1378)  (1377  1378)]
22, 1, 1, 53910, [('type_0'  'type_0')  ('type_0'  'type_1')  ('type_0'  1378)  ('type_1'  'type_1')  ('type_1'  1372)  ('type_1'  1373)  (1372  1373)  (1372  1374)  (1373  1374)  (1373  1375)  (1374  1375)  (1374  1376)  (1375  1376)  (1375  1377)  (1376  1377)  (1376  1378)  (1377  1378)]
560, 1, 0, 53879, [('type_0'  'type_0')  ('type_0'  'type_1')  ('type_0'  2551)  ('type_1'  'type_1')  ('type_1'  2539)  (2539  2541)  (2541  2542)  (2542  2549)  (2549  2551)]
21, 1, 1, 53746, [('type_0'  'type_0')  ('type_0'  'type_1')  ('type_0'  1377)  ('type_0'  1378)  ('type_1'  'type_1')  ('type_1'  1372)  (1372  1373)  (1372  1374)  (1373  1374)  (1373  1375)  (1374  1375)  (1374  1376)  (1375  1376)  (1375  1377)  (1376  1377)  (1376  1378)  (1377  1378)]
22, 3, 4, 53327, [('type_0'  'type_0')  ('type_0'  'type_1')  ('type_0'  1378)  ('type_1'  'type_1')  ('type_1'  1372)  ('type_1'  1373)  (1372  1373)  (1372  1374)  (1373  1374)  (1373  1375)  (1374  1375)  (1374  1376)  (1375  1376)  (1375  1377)  (1376  1377)  (1376  1378)  (1377  1378)]
21, 1, 1, 53194, [('type_0'  'type_0')  ('type_0'  'type_1')  ('type_0'  1377)  ('type_0'  1378)  ('type_1'  'type_1')  ('type_1'  1372)  (1372  1373)  (1372  1374)  (1373  1374)  (1373  1375)  (1374  1375)  (1374  1376)  (1375  1376)  (1375  1377)  (1376  1377)  (1376  1378)  (1377  1378)]
22, 1, 1, 53061, [('type_0'  'type_0')  ('type_0'  'type_1')  ('type_0'  1378)  ('type_1'  'type_1')  ('type_1'  1372)  ('type_1'  1373)  (1372  1373)  (1372  1374)  (1373  1374)  (1373  1375)  (1374  1375)  (1374  1376)  (1375  1376)  (1375  1377)  (1376  1377)  (1376  1378)  (1377  1378)]
560, 1, 0, 53030, [('type_0'  'type_0')  ('type_0'  'type_1')  ('type_0'  2551)  ('type_1'  'type_1')  ('type_1'  2539)  (2539  2541)  (2541  2542)  (2542  2549)  (2549  2551)]
21, 4, 4, 52462, [('type_0'  'type_0')  ('type_0'  'type_1')  ('type_0'  1377)  ('type_0'  1378)  ('type_1'  'type_1')  ('type_1'  1372)  (1372  1373)  (1372  1374)  (1373  1374)  (1373  1375)  (1374  1375)  (1374  1376)  (1375  1376)  (1375  1377)  (1376  1377)  (1376  1378)  (1377  1378)]
560, 1, 0, 52431, [('type_0'  'type_0')  ('type_0'  'type_1')  ('type_0'  2551)  ('type_1'  'type_1')  ('type_1'  2539)  (2539  2541)  (2541  2542)  (2542  2549)  (2549  2551)]
21, 1, 2, 52302, [('type_0'  'type_0')  ('type_0'  'type_1')  ('type_0'  1377)  ('type_0'  1378)  ('type_1'  'type_1')  ('type_1'  1372)  (1372  1373)  (1372  1374)  (1373  1374)  (1373  1375)  (1374  1375)  (1374  1376)  (1375  1376)  (1375  1377)  (1376  1377)  (1376  1378)  (1377  1378)]
22, 1, 1, 52169, [('type_0'  'type_0')  ('type_0'  'type_1')  ('type_0'  1378)  ('type_1'  'type_1')  ('type_1'  1372)  ('type_1'  1373)  (1372  1373)  (1372  1374)  (1373  1374)  (1373  1375)  (1374  1375)  (1374  1376)  (1375  1376)  (1375  1377)  (1376  1377)  (1376  1378)  (1377  1378)]
21, 1, 1, 52036, [('type_0'  'type_0')  ('type_0'  'type_1')  ('type_0'  1377)  ('type_0'  1378)  ('type_1'  'type_1')  ('type_1'  1372)  (1372  1373)  (1372  1374)  (1373  1374)  (1373  1375)  (1374  1375)  (1374  1376)  (1375  1376)  (1375  1377)  (1376  1377)  (1376  1378)  (1377  1378)]
22, 1, 1, 51903, [('type_0'  'type_0')  ('type_0'  'type_1')  ('type_0'  1378)  ('type_1'  'type_1')  ('type_1'  1372)  ('type_1'  1373)  (1372  1373)  (1372  1374)  (1373  1374)  (1373  1375)  (1374  1375)  (1374  1376)  (1375  1376)  (1375  1377)  (1376  1377)  (1376  1378)  (1377  1378)]
560, 1, 0, 51872, [('type_0'  'type_0')  ('type_0'  'type_1')  ('type_0'  2551)  ('type_1'  'type_1')  ('type_1'  2539)  (2539  2541)  (2541  2542)  (2542  2549)  (2549  2551)]
21, 2, 3, 51598, [('type_0'  'type_0')  ('type_0'  'type_1')  ('type_0'  1377)  ('type_0'  1378)  ('type_1'  'type_1')  ('type_1'  1372)  (1372  1373)  (1372  1374)  (1373  1374)  (1373  1375)  (1374  1375)  (1374  1376)  (1375  1376)  (1375  1377)  (1376  1377)  (1376  1378)  (1377  1378)]
22, 1, 1, 51465, [('type_0'  'type_0')  ('type_0'  'type_1')  ('type_0'  1378)  ('type_1'  'type_1')  ('type_1'  1372)  ('type_1'  1373)  (1372  1373)  (1372  1374)  (1373  1374)  (1373  1375)  (1374  1375)  (1374  1376)  (1375  1376)  (1375  1377)  (1376  1377)  (1376  1378)  (1377  1378)]
50, 2, 0, 51447, [('type_0'  'type_0')  ('type_0'  'type_1')  ('type_0'  1375)  ('type_1'  'type_1')  ('type_1'  1372)  (1372  1373)  (1373  1375)]
12, 2, 1, 51357, [('type_0'  'type_0')  ('type_0'  'type_1')  ('type_0'  1376)  ('type_1'  'type_1')  ('type_1'  1372)  (1372  1373)  (1372  1374)  (1373  1374)  (1373  1375)  (1374  1375)  (1374  1376)  (1375  1376)]
22, 2, 2, 51079, [('type_0'  'type_0')  ('type_0'  'type_1')  ('type_0'  1378)  ('type_1'  'type_1')  ('type_1'  1372)  ('type_1'  1373)  (1372  1373)  (1372  1374)  (1373  1374)  (1373  1375)  (1374  1375)  (1374  1376)  (1375  1376)  (1375  1377)  (1376  1377)  (1376  1378)  (1377  1378)]
21, 1, 1, 50946, [('type_0'  'type_0')  ('type_0'  'type_1')  ('type_0'  1377)  ('type_0'  1378)  ('type_1'  'type_1')  ('type_1'  1372)  (1372  1373)  (1372  1374)  (1373  1374)  (1373  1375)  (1374  1375)  (1374  1376)  (1375  1376)  (1375  1377)  (1376  1377)  (1376  1378)  (1377  1378)]
22, 1, 1, 50813, [('type_0'  'type_0')  ('type_0'  'type_1')  ('type_0'  1378)  ('type_1'  'type_1')  ('type_1'  1372)  ('type_1'  1373)  (1372  1373)  (1372  1374)  (1373  1374)  (1373  1375)  (1374  1375)  (1374  1376)  (1375  1376)  (1375  1377)  (1376  1377)  (1376  1378)  (1377  1378)]
21, 5, 5, 50100, [('type_0'  'type_0')  ('type_0'  'type_1')  ('type_0'  1377)  ('type_0'  1378)  ('type_1'  'type_1')  ('type_1'  1372)  (1372  1373)  (1372  1374)  (1373  1374)  (1373  1375)  (1374  1375)  (1374  1376)  (1375  1376)  (1375  1377)  (1376  1377)  (1376  1378)  (1377  1378)]
560, 2, 0, 50026, [('type_0'  'type_0')  ('type_0'  'type_1')  ('type_0'  2551)  ('type_1'  'type_1')  ('type_1'  2539)  (2539  2541)  (2541  2542)  (2542  2549)  (2549  2551)]
22, 1, 1, 49893, [('type_0'  'type_0')  ('type_0'  'type_1')  ('type_0'  1378)  ('type_1'  'type_1')  ('type_1'  1372)  ('type_1'  1373)  (1372  1373)  (1372  1374)  (1373  1374)  (1373  1375)  (1374  1375)  (1374  1376)  (1375  1376)  (1375  1377)  (1376  1377)  (1376  1378)  (1377  1378)]
21, 1, 1, 49760, [('type_0'  'type_0')  ('type_0'  'type_1')  ('type_0'  1377)  ('type_0'  1378)  ('type_1'  'type_1')  ('type_1'  1372)  (1372  1373)  (1372  1374)  (1373  1374)  (1373  1375)  (1374  1375)  (1374  1376)  (1375  1376)  (1375  1377)  (1376  1377)  (1376  1378)  (1377  1378)]
12, 1, 1, 49694, [('type_0'  'type_0')  ('type_0'  'type_1')  ('type_0'  1376)  ('type_1'  'type_1')  ('type_1'  1372)  (1372  1373)  (1372  1374)  (1373  1374)  (1373  1375)  (1374  1375)  (1374  1376)  (1375  1376)]
22, 3, 3, 49271, [('type_0'  'type_0')  ('type_0'  'type_1')  ('type_0'  1378)  ('type_1'  'type_1')  ('type_1'  1372)  ('type_1'  1373)  (1372  1373)  (1372  1374)  (1373  1374)  (1373  1375)  (1374  1375)  (1374  1376)  (1375  1376)  (1375  1377)  (1376  1377)  (1376  1378)  (1377  1378)]
12, 47, 47, 45617, [('type_0'  'type_0')  ('type_0'  'type_1')  ('type_0'  1376)  ('type_1'  'type_1')  ('type_1'  1372)  (1372  1373)  (1372  1374)  (1373  1374)  (1373  1375)  (1374  1375)  (1374  1376)  (1375  1376)]
50, 2, 0, 45599, [('type_0'  'type_0')  ('type_0'  'type_1')  ('type_0'  1375)  ('type_1'  'type_1')  ('type_1'  1372)  (1372  1373)  (1373  1375)]
21, 5, 6, 44890, [('type_0'  'type_0')  ('type_0'  'type_1')  ('type_0'  1377)  ('type_0'  1378)  ('type_1'  'type_1')  ('type_1'  1372)  (1372  1373)  (1372  1374)  (1373  1374)  (1373  1375)  (1374  1375)  (1374  1376)  (1375  1376)  (1375  1377)  (1376  1377)  (1376  1378)  (1377  1378)]
22, 1, 1, 44757, [('type_0'  'type_0')  ('type_0'  'type_1')  ('type_0'  1378)  ('type_1'  'type_1')  ('type_1'  1372)  ('type_1'  1373)  (1372  1373)  (1372  1374)  (1373  1374)  (1373  1375)  (1374  1375)  (1374  1376)  (1375  1376)  (1375  1377)  (1376  1377)  (1376  1378)  (1377  1378)]
560, 1, 0, 44726, [('type_0'  'type_0')  ('type_0'  'type_1')  ('type_0'  2551)  ('type_1'  'type_1')  ('type_1'  2539)  (2539  2541)  (2541  2542)  (2542  2549)  (2549  2551)]
21, 5, 6, 44017, [('type_0'  'type_0')  ('type_0'  'type_1')  ('type_0'  1377)  ('type_0'  1378)  ('type_1'  'type_1')  ('type_1'  1372)  (1372  1373)  (1372  1374)  (1373  1374)  (1373  1375)  (1374  1375)  (1374  1376)  (1375  1376)  (1375  1377)  (1376  1377)  (1376  1378)  (1377  1378)]
50, 2, 0, 43999, [('type_0'  'type_0')  ('type_0'  'type_1')  ('type_0'  1375)  ('type_1'  'type_1')  ('type_1'  1372)  (1372  1373)  (1373  1375)]
22, 1, 1, 43866, [('type_0'  'type_0')  ('type_0'  'type_1')  ('type_0'  1378)  ('type_1'  'type_1')  ('type_1'  1372)  ('type_1'  1373)  (1372  1373)  (1372  1374)  (1373  1374)  (1373  1375)  (1374  1375)  (1374  1376)  (1375  1376)  (1375  1377)  (1376  1377)  (1376  1378)  (1377  1378)]
560, 1, 0, 43835, [('type_0'  'type_0')  ('type_0'  'type_1')  ('type_0'  2551)  ('type_1'  'type_1')  ('type_1'  2539)  (2539  2541)  (2541  2542)  (2542  2549)  (2549  2551)]
21, 1, 2, 43706, [('type_0'  'type_0')  ('type_0'  'type_1')  ('type_0'  1377)  ('type_0'  1378)  ('type_1'  'type_1')  ('type_1'  1372)  (1372  1373)  (1372  1374)  (1373  1374)  (1373  1375)  (1374  1375)  (1374  1376)  (1375  1376)  (1375  1377)  (1376  1377)  (1376  1378)  (1377  1378)]
22, 1, 1, 43573, [('type_0'  'type_0')  ('type_0'  'type_1')  ('type_0'  1378)  ('type_1'  'type_1')  ('type_1'  1372)  ('type_1'  1373)  (1372  1373)  (1372  1374)  (1373  1374)  (1373  1375)  (1374  1375)  (1374  1376)  (1375  1376)  (1375  1377)  (1376  1377)  (1376  1378)  (1377  1378)]
21, 7, 9, 42578, [('type_0'  'type_0')  ('type_0'  'type_1')  ('type_0'  1377)  ('type_0'  1378)  ('type_1'  'type_1')  ('type_1'  1372)  (1372  1373)  (1372  1374)  (1373  1374)  (1373  1375)  (1374  1375)  (1374  1376)  (1375  1376)  (1375  1377)  (1376  1377)  (1376  1378)  (1377  1378)]
50, 2, 0, 42560, [('type_0'  'type_0')  ('type_0'  'type_1')  ('type_0'  1375)  ('type_1'  'type_1')  ('type_1'  1372)  (1372  1373)  (1373  1375)]
22, 2, 2, 42282, [('type_0'  'type_0')  ('type_0'  'type_1')  ('type_0'  1378)  ('type_1'  'type_1')  ('type_1'  1372)  ('type_1'  1373)  (1372  1373)  (1372  1374)  (1373  1374)  (1373  1375)  (1374  1375)  (1374  1376)  (1375  1376)  (1375  1377)  (1376  1377)  (1376  1378)  (1377  1378)]
50, 2, 0, 42264, [('type_0'  'type_0')  ('type_0'  'type_1')  ('type_0'  1375)  ('type_1'  'type_1')  ('type_1'  1372)  (1372  1373)  (1373  1375)]
21, 1, 1, 42131, [('type_0'  'type_0')  ('type_0'  'type_1')  ('type_0'  1377)  ('type_0'  1378)  ('type_1'  'type_1')  ('type_1'  1372)  (1372  1373)  (1372  1374)  (1373  1374)  (1373  1375)  (1374  1375)  (1374  1376)  (1375  1376)  (1375  1377)  (1376  1377)  (1376  1378)  (1377  1378)]
22, 1, 0, 41994, [('type_0'  'type_0')  ('type_0'  'type_1')  ('type_0'  1378)  ('type_1'  'type_1')  ('type_1'  1372)  ('type_1'  1373)  (1372  1373)  (1372  1374)  (1373  1374)  (1373  1375)  (1374  1375)  (1374  1376)  (1375  1376)  (1375  1377)  (1376  1377)  (1376  1378)  (1377  1378)]
560, 1, 0, 41963, [('type_0'  'type_0')  ('type_0'  'type_1')  ('type_0'  2551)  ('type_1'  'type_1')  ('type_1'  2539)  (2539  2541)  (2541  2542)  (2542  2549)  (2549  2551)]
21, 4, 5, 41399, [('type_0'  'type_0')  ('type_0'  'type_1')  ('type_0'  1377)  ('type_0'  1378)  ('type_1'  'type_1')  ('type_1'  1372)  (1372  1373)  (1372  1374)  (1373  1374)  (1373  1375)  (1374  1375)  (1374  1376)  (1375  1376)  (1375  1377)  (1376  1377)  (1376  1378)  (1377  1378)]
560, 1, 0, 41368, [('type_0'  'type_0')  ('type_0'  'type_1')  ('type_0'  2551)  ('type_1'  'type_1')  ('type_1'  2539)  (2539  2541)  (2541  2542)  (2542  2549)  (2549  2551)]
22, 1, 1, 41235, [('type_0'  'type_0')  ('type_0'  'type_1')  ('type_0'  1378)  ('type_1'  'type_1')  ('type_1'  1372)  ('type_1'  1373)  (1372  1373)  (1372  1374)  (1373  1374)  (1373  1375)  (1374  1375)  (1374  1376)  (1375  1376)  (1375  1377)  (1376  1377)  (1376  1378)  (1377  1378)]
21, 1, 1, 41102, [('type_0'  'type_0')  ('type_0'  'type_1')  ('type_0'  1377)  ('type_0'  1378)  ('type_1'  'type_1')  ('type_1'  1372)  (1372  1373)  (1372  1374)  (1373  1374)  (1373  1375)  (1374  1375)  (1374  1376)  (1375  1376)  (1375  1377)  (1376  1377)  (1376  1378)  (1377  1378)]
22, 1, 1, 40969, [('type_0'  'type_0')  ('type_0'  'type_1')  ('type_0'  1378)  ('type_1'  'type_1')  ('type_1'  1372)  ('type_1'  1373)  (1372  1373)  (1372  1374)  (1373  1374)  (1373  1375)  (1374  1375)  (1374  1376)  (1375  1376)  (1375  1377)  (1376  1377)  (1376  1378)  (1377  1378)]
21, 1, 1, 40836, [('type_0'  'type_0')  ('type_0'  'type_1')  ('type_0'  1377)  ('type_0'  1378)  ('type_1'  'type_1')  ('type_1'  1372)  (1372  1373)  (1372  1374)  (1373  1374)  (1373  1375)  (1374  1375)  (1374  1376)  (1375  1376)  (1375  1377)  (1376  1377)  (1376  1378)  (1377  1378)]
560, 1, 0, 40805, [('type_0'  'type_0')  ('type_0'  'type_1')  ('type_0'  2551)  ('type_1'  'type_1')  ('type_1'  2539)  (2539  2541)  (2541  2542)  (2542  2549)  (2549  2551)]
21, 1, 2, 40676, [('type_0'  'type_0')  ('type_0'  'type_1')  ('type_0'  1377)  ('type_0'  1378)  ('type_1'  'type_1')  ('type_1'  1372)  (1372  1373)  (1372  1374)  (1373  1374)  (1373  1375)  (1374  1375)  (1374  1376)  (1375  1376)  (1375  1377)  (1376  1377)  (1376  1378)  (1377  1378)]
22, 1, 1, 40543, [('type_0'  'type_0')  ('type_0'  'type_1')  ('type_0'  1378)  ('type_1'  'type_1')  ('type_1'  1372)  ('type_1'  1373)  (1372  1373)  (1372  1374)  (1373  1374)  (1373  1375)  (1374  1375)  (1374  1376)  (1375  1376)  (1375  1377)  (1376  1377)  (1376  1378)  (1377  1378)]
21, 2, 3, 40269, [('type_0'  'type_0')  ('type_0'  'type_1')  ('type_0'  1377)  ('type_0'  1378)  ('type_1'  'type_1')  ('type_1'  1372)  (1372  1373)  (1372  1374)  (1373  1374)  (1373  1375)  (1374  1375)  (1374  1376)  (1375  1376)  (1375  1377)  (1376  1377)  (1376  1378)  (1377  1378)]
22, 1, 1, 40136, [('type_0'  'type_0')  ('type_0'  'type_1')  ('type_0'  1378)  ('type_1'  'type_1')  ('type_1'  1372)  ('type_1'  1373)  (1372  1373)  (1372  1374)  (1373  1374)  (1373  1375)  (1374  1375)  (1374  1376)  (1375  1376)  (1375  1377)  (1376  1377)  (1376  1378)  (1377  1378)]
50, 3, 0, 40103, [('type_0'  'type_0')  ('type_0'  'type_1')  ('type_0'  1375)  ('type_1'  'type_1')  ('type_1'  1372)  (1372  1373)  (1373  1375)]
21, 4, 5, 39539, [('type_0'  'type_0')  ('type_0'  'type_1')  ('type_0'  1377)  ('type_0'  1378)  ('type_1'  'type_1')  ('type_1'  1372)  (1372  1373)  (1372  1374)  (1373  1374)  (1373  1375)  (1374  1375)  (1374  1376)  (1375  1376)  (1375  1377)  (1376  1377)  (1376  1378)  (1377  1378)]
560, 1, 0, 39508, [('type_0'  'type_0')  ('type_0'  'type_1')  ('type_0'  2551)  ('type_1'  'type_1')  ('type_1'  2539)  (2539  2541)  (2541  2542)  (2542  2549)  (2549  2551)]
21, 10, 12, 38078, [('type_0'  'type_0')  ('type_0'  'type_1')  ('type_0'  1377)  ('type_0'  1378)  ('type_1'  'type_1')  ('type_1'  1372)  (1372  1373)  (1372  1374)  (1373  1374)  (1373  1375)  (1374  1375)  (1374  1376)  (1375  1376)  (1375  1377)  (1376  1377)  (1376  1378)  (1377  1378)]
50, 3, 0, 38045, [('type_0'  'type_0')  ('type_0'  'type_1')  ('type_0'  1375)  ('type_1'  'type_1')  ('type_1'  1372)  (1372  1373)  (1373  1375)]
22, 2, 2, 37767, [('type_0'  'type_0')  ('type_0'  'type_1')  ('type_0'  1378)  ('type_1'  'type_1')  ('type_1'  1372)  ('type_1'  1373)  (1372  1373)  (1372  1374)  (1373  1374)  (1373  1375)  (1374  1375)  (1374  1376)  (1375  1376)  (1375  1377)  (1376  1377)  (1376  1378)  (1377  1378)]
21, 1, 1, 37634, [('type_0'  'type_0')  ('type_0'  'type_1')  ('type_0'  1377)  ('type_0'  1378)  ('type_1'  'type_1')  ('type_1'  1372)  (1372  1373)  (1372  1374)  (1373  1374)  (1373  1375)  (1374  1375)  (1374  1376)  (1375  1376)  (1375  1377)  (1376  1377)  (1376  1378)  (1377  1378)]
560, 1, 0, 37603, [('type_0'  'type_0')  ('type_0'  'type_1')  ('type_0'  2551)  ('type_1'  'type_1')  ('type_1'  2539)  (2539  2541)  (2541  2542)  (2542  2549)  (2549  2551)]
22, 1, 1, 37470, [('type_0'  'type_0')  ('type_0'  'type_1')  ('type_0'  1378)  ('type_1'  'type_1')  ('type_1'  1372)  ('type_1'  1373)  (1372  1373)  (1372  1374)  (1373  1374)  (1373  1375)  (1374  1375)  (1374  1376)  (1375  1376)  (1375  1377)  (1376  1377)  (1376  1378)  (1377  1378)]
21, 5, 5, 36757, [('type_0'  'type_0')  ('type_0'  'type_1')  ('type_0'  1377)  ('type_0'  1378)  ('type_1'  'type_1')  ('type_1'  1372)  (1372  1373)  (1372  1374)  (1373  1374)  (1373  1375)  (1374  1375)  (1374  1376)  (1375  1376)  (1375  1377)  (1376  1377)  (1376  1378)  (1377  1378)]
560, 2, 0, 36683, [('type_0'  'type_0')  ('type_0'  'type_1')  ('type_0'  2551)  ('type_1'  'type_1')  ('type_1'  2539)  (2539  2541)  (2541  2542)  (2542  2549)  (2549  2551)]
22, 4, 6, 36123, [('type_0'  'type_0')  ('type_0'  'type_1')  ('type_0'  1378)  ('type_1'  'type_1')  ('type_1'  1372)  ('type_1'  1373)  (1372  1373)  (1372  1374)  (1373  1374)  (1373  1375)  (1374  1375)  (1374  1376)  (1375  1376)  (1375  1377)  (1376  1377)  (1376  1378)  (1377  1378)]
21, 1, 1, 35990, [('type_0'  'type_0')  ('type_0'  'type_1')  ('type_0'  1377)  ('type_0'  1378)  ('type_1'  'type_1')  ('type_1'  1372)  (1372  1373)  (1372  1374)  (1373  1374)  (1373  1375)  (1374  1375)  (1374  1376)  (1375  1376)  (1375  1377)  (1376  1377)  (1376  1378)  (1377  1378)]
22, 1, 1, 35857, [('type_0'  'type_0')  ('type_0'  'type_1')  ('type_0'  1378)  ('type_1'  'type_1')  ('type_1'  1372)  ('type_1'  1373)  (1372  1373)  (1372  1374)  (1373  1374)  (1373  1375)  (1374  1375)  (1374  1376)  (1375  1376)  (1375  1377)  (1376  1377)  (1376  1378)  (1377  1378)]
12, 1, 0, 35787, [('type_0'  'type_0')  ('type_0'  'type_1')  ('type_0'  1376)  ('type_1'  'type_1')  ('type_1'  1372)  (1372  1373)  (1372  1374)  (1373  1374)  (1373  1375)  (1374  1375)  (1374  1376)  (1375  1376)]
560, 1, 0, 35756, [('type_0'  'type_0')  ('type_0'  'type_1')  ('type_0'  2551)  ('type_1'  'type_1')  ('type_1'  2539)  (2539  2541)  (2541  2542)  (2542  2549)  (2549  2551)]
12, 39, 39, 32726, [('type_0'  'type_0')  ('type_0'  'type_1')  ('type_0'  1376)  ('type_1'  'type_1')  ('type_1'  1372)  (1372  1373)  (1372  1374)  (1373  1374)  (1373  1375)  (1374  1375)  (1374  1376)  (1375  1376)]
22, 4, 6, 32166, [('type_0'  'type_0')  ('type_0'  'type_1')  ('type_0'  1378)  ('type_1'  'type_1')  ('type_1'  1372)  ('type_1'  1373)  (1372  1373)  (1372  1374)  (1373  1374)  (1373  1375)  (1374  1375)  (1374  1376)  (1375  1376)  (1375  1377)  (1376  1377)  (1376  1378)  (1377  1378)]
21, 1, 1, 32033, [('type_0'  'type_0')  ('type_0'  'type_1')  ('type_0'  1377)  ('type_0'  1378)  ('type_1'  'type_1')  ('type_1'  1372)  (1372  1373)  (1372  1374)  (1373  1374)  (1373  1375)  (1374  1375)  (1374  1376)  (1375  1376)  (1375  1377)  (1376  1377)  (1376  1378)  (1377  1378)]
560, 1, 0, 32002, [('type_0'  'type_0')  ('type_0'  'type_1')  ('type_0'  2551)  ('type_1'  'type_1')  ('type_1'  2539)  (2539  2541)  (2541  2542)  (2542  2549)  (2549  2551)]
21, 2, 2, 31724, [('type_0'  'type_0')  ('type_0'  'type_1')  ('type_0'  1377)  ('type_0'  1378)  ('type_1'  'type_1')  ('type_1'  1372)  (1372  1373)  (1372  1374)  (1373  1374)  (1373  1375)  (1374  1375)  (1374  1376)  (1375  1376)  (1375  1377)  (1376  1377)  (1376  1378)  (1377  1378)]
22, 4, 6, 31164, [('type_0'  'type_0')  ('type_0'  'type_1')  ('type_0'  1378)  ('type_1'  'type_1')  ('type_1'  1372)  ('type_1'  1373)  (1372  1373)  (1372  1374)  (1373  1374)  (1373  1375)  (1374  1375)  (1374  1376)  (1375  1376)  (1375  1377)  (1376  1377)  (1376  1378)  (1377  1378)]
21, 1, 1, 31031, [('type_0'  'type_0')  ('type_0'  'type_1')  ('type_0'  1377)  ('type_0'  1378)  ('type_1'  'type_1')  ('type_1'  1372)  (1372  1373)  (1372  1374)  (1373  1374)  (1373  1375)  (1374  1375)  (1374  1376)  (1375  1376)  (1375  1377)  (1376  1377)  (1376  1378)  (1377  1378)]
560, 1, 0, 31000, [('type_0'  'type_0')  ('type_0'  'type_1')  ('type_0'  2551)  ('type_1'  'type_1')  ('type_1'  2539)  (2539  2541)  (2541  2542)  (2542  2549)  (2549  2551)]
41, 4, 0, 30833, [('type_0'  'type_0')  ('type_0'  'type_1')  ('type_0'  1375)  ('type_1'  'type_1')  ('type_1'  1372)  (1372  1373)  (1372  1374)  (1373  1374)  (1373  1375)  (1374  1375)]
22, 4, 6, 30273, [('type_0'  'type_0')  ('type_0'  'type_1')  ('type_0'  1378)  ('type_1'  'type_1')  ('type_1'  1372)  ('type_1'  1373)  (1372  1373)  (1372  1374)  (1373  1374)  (1373  1375)  (1374  1375)  (1374  1376)  (1375  1376)  (1375  1377)  (1376  1377)  (1376  1378)  (1377  1378)]
21, 2, 1, 29991, [('type_0'  'type_0')  ('type_0'  'type_1')  ('type_0'  1377)  ('type_0'  1378)  ('type_1'  'type_1')  ('type_1'  1372)  (1372  1373)  (1372  1374)  (1373  1374)  (1373  1375)  (1374  1375)  (1374  1376)  (1375  1376)  (1375  1377)  (1376  1377)  (1376  1378)  (1377  1378)]
560, 1, 0, 29960, [('type_0'  'type_0')  ('type_0'  'type_1')  ('type_0'  2551)  ('type_1'  'type_1')  ('type_1'  2539)  (2539  2541)  (2541  2542)  (2542  2549)  (2549  2551)]
22, 1, 2, 29831, [('type_0'  'type_0')  ('type_0'  'type_1')  ('type_0'  1378)  ('type_1'  'type_1')  ('type_1'  1372)  ('type_1'  1373)  (1372  1373)  (1372  1374)  (1373  1374)  (1373  1375)  (1374  1375)  (1374  1376)  (1375  1376)  (1375  1377)  (1376  1377)  (1376  1378)  (1377  1378)]
21, 1, 2, 29702, [('type_0'  'type_0')  ('type_0'  'type_1')  ('type_0'  1377)  ('type_0'  1378)  ('type_1'  'type_1')  ('type_1'  1372)  (1372  1373)  (1372  1374)  (1373  1374)  (1373  1375)  (1374  1375)  (1374  1376)  (1375  1376)  (1375  1377)  (1376  1377)  (1376  1378)  (1377  1378)]
22, 1, 2, 29573, [('type_0'  'type_0')  ('type_0'  'type_1')  ('type_0'  1378)  ('type_1'  'type_1')  ('type_1'  1372)  ('type_1'  1373)  (1372  1373)  (1372  1374)  (1373  1374)  (1373  1375)  (1374  1375)  (1374  1376)  (1375  1376)  (1375  1377)  (1376  1377)  (1376  1378)  (1377  1378)]
21, 3, 3, 29150, [('type_0'  'type_0')  ('type_0'  'type_1')  ('type_0'  1377)  ('type_0'  1378)  ('type_1'  'type_1')  ('type_1'  1372)  (1372  1373)  (1372  1374)  (1373  1374)  (1373  1375)  (1374  1375)  (1374  1376)  (1375  1376)  (1375  1377)  (1376  1377)  (1376  1378)  (1377  1378)]
560, 1, 0, 29119, [('type_0'  'type_0')  ('type_0'  'type_1')  ('type_0'  2551)  ('type_1'  'type_1')  ('type_1'  2539)  (2539  2541)  (2541  2542)  (2542  2549)  (2549  2551)]
41, 1, 0, 29076, [('type_0'  'type_0')  ('type_0'  'type_1')  ('type_0'  1375)  ('type_1'  'type_1')  ('type_1'  1372)  (1372  1373)  (1372  1374)  (1373  1374)  (1373  1375)  (1374  1375)]
21, 1, 2, 28947, [('type_0'  'type_0')  ('type_0'  'type_1')  ('type_0'  1377)  ('type_0'  1378)  ('type_1'  'type_1')  ('type_1'  1372)  (1372  1373)  (1372  1374)  (1373  1374)  (1373  1375)  (1374  1375)  (1374  1376)  (1375  1376)  (1375  1377)  (1376  1377)  (1376  1378)  (1377  1378)]
22, 1, 1, 28814, [('type_0'  'type_0')  ('type_0'  'type_1')  ('type_0'  1378)  ('type_1'  'type_1')  ('type_1'  1372)  ('type_1'  1373)  (1372  1373)  (1372  1374)  (1373  1374)  (1373  1375)  (1374  1375)  (1374  1376)  (1375  1376)  (1375  1377)  (1376  1377)  (1376  1378)  (1377  1378)]
21, 1, 1, 28681, [('type_0'  'type_0')  ('type_0'  'type_1')  ('type_0'  1377)  ('type_0'  1378)  ('type_1'  'type_1')  ('type_1'  1372)  (1372  1373)  (1372  1374)  (1373  1374)  (1373  1375)  (1374  1375)  (1374  1376)  (1375  1376)  (1375  1377)  (1376  1377)  (1376  1378)  (1377  1378)]
50, 2, 0, 28663, [('type_0'  'type_0')  ('type_0'  'type_1')  ('type_0'  1375)  ('type_1'  'type_1')  ('type_1'  1372)  (1372  1373)  (1373  1375)]
22, 1, 1, 28530, [('type_0'  'type_0')  ('type_0'  'type_1')  ('type_0'  1378)  ('type_1'  'type_1')  ('type_1'  1372)  ('type_1'  1373)  (1372  1373)  (1372  1374)  (1373  1374)  (1373  1375)  (1374  1375)  (1374  1376)  (1375  1376)  (1375  1377)  (1376  1377)  (1376  1378)  (1377  1378)]
21, 1, 0, 28393, [('type_0'  'type_0')  ('type_0'  'type_1')  ('type_0'  1377)  ('type_0'  1378)  ('type_1'  'type_1')  ('type_1'  1372)  (1372  1373)  (1372  1374)  (1373  1374)  (1373  1375)  (1374  1375)  (1374  1376)  (1375  1376)  (1375  1377)  (1376  1377)  (1376  1378)  (1377  1378)]
560, 1, 0, 28362, [('type_0'  'type_0')  ('type_0'  'type_1')  ('type_0'  2551)  ('type_1'  'type_1')  ('type_1'  2539)  (2539  2541)  (2541  2542)  (2542  2549)  (2549  2551)]
21, 1, 2, 28233, [('type_0'  'type_0')  ('type_0'  'type_1')  ('type_0'  1377)  ('type_0'  1378)  ('type_1'  'type_1')  ('type_1'  1372)  (1372  1373)  (1372  1374)  (1373  1374)  (1373  1375)  (1374  1375)  (1374  1376)  (1375  1376)  (1375  1377)  (1376  1377)  (1376  1378)  (1377  1378)]
16, 4, 1, 27886, [('type_0'  'type_0')  ('type_0'  'type_1')  ('type_0'  1377)  ('type_1'  'type_1')  ('type_1'  1372)  (1372  1373)  (1372  1374)  (1373  1374)  (1373  1375)  (1374  1375)  (1374  1376)  (1375  1376)  (1375  1377)  (1376  1377)]
50, 2, 0, 27868, [('type_0'  'type_0')  ('type_0'  'type_1')  ('type_0'  1375)  ('type_1'  'type_1')  ('type_1'  1372)  (1372  1373)  (1373  1375)]
21, 4, 5, 27304, [('type_0'  'type_0')  ('type_0'  'type_1')  ('type_0'  1377)  ('type_0'  1378)  ('type_1'  'type_1')  ('type_1'  1372)  (1372  1373)  (1372  1374)  (1373  1374)  (1373  1375)  (1374  1375)  (1374  1376)  (1375  1376)  (1375  1377)  (1376  1377)  (1376  1378)  (1377  1378)]
560, 1, 0, 27273, [('type_0'  'type_0')  ('type_0'  'type_1')  ('type_0'  2551)  ('type_1'  'type_1')  ('type_1'  2539)  (2539  2541)  (2541  2542)  (2542  2549)  (2549  2551)]
22, 1, 1, 27140, [('type_0'  'type_0')  ('type_0'  'type_1')  ('type_0'  1378)  ('type_1'  'type_1')  ('type_1'  1372)  ('type_1'  1373)  (1372  1373)  (1372  1374)  (1373  1374)  (1373  1375)  (1374  1375)  (1374  1376)  (1375  1376)  (1375  1377)  (1376  1377)  (1376  1378)  (1377  1378)]
21, 1, 2, 27011, [('type_0'  'type_0')  ('type_0'  'type_1')  ('type_0'  1377)  ('type_0'  1378)  ('type_1'  'type_1')  ('type_1'  1372)  (1372  1373)  (1372  1374)  (1373  1374)  (1373  1375)  (1374  1375)  (1374  1376)  (1375  1376)  (1375  1377)  (1376  1377)  (1376  1378)  (1377  1378)]
22, 1, 1, 26878, [('type_0'  'type_0')  ('type_0'  'type_1')  ('type_0'  1378)  ('type_1'  'type_1')  ('type_1'  1372)  ('type_1'  1373)  (1372  1373)  (1372  1374)  (1373  1374)  (1373  1375)  (1374  1375)  (1374  1376)  (1375  1376)  (1375  1377)  (1376  1377)  (1376  1378)  (1377  1378)]
16, 1, 0, 26781, [('type_0'  'type_0')  ('type_0'  'type_1')  ('type_0'  1377)  ('type_1'  'type_1')  ('type_1'  1372)  (1372  1373)  (1372  1374)  (1373  1374)  (1373  1375)  (1374  1375)  (1374  1376)  (1375  1376)  (1375  1377)  (1376  1377)]
21, 2, 3, 26507, [('type_0'  'type_0')  ('type_0'  'type_1')  ('type_0'  1377)  ('type_0'  1378)  ('type_1'  'type_1')  ('type_1'  1372)  (1372  1373)  (1372  1374)  (1373  1374)  (1373  1375)  (1374  1375)  (1374  1376)  (1375  1376)  (1375  1377)  (1376  1377)  (1376  1378)  (1377  1378)]
12, 1, 0, 26437, [('type_0'  'type_0')  ('type_0'  'type_1')  ('type_0'  1376)  ('type_1'  'type_1')  ('type_1'  1372)  (1372  1373)  (1372  1374)  (1373  1374)  (1373  1375)  (1374  1375)  (1374  1376)  (1375  1376)]
21, 1, 2, 26308, [('type_0'  'type_0')  ('type_0'  'type_1')  ('type_0'  1377)  ('type_0'  1378)  ('type_1'  'type_1')  ('type_1'  1372)  (1372  1373)  (1372  1374)  (1373  1374)  (1373  1375)  (1374  1375)  (1374  1376)  (1375  1376)  (1375  1377)  (1376  1377)  (1376  1378)  (1377  1378)]
41, 1, 0, 26265, [('type_0'  'type_0')  ('type_0'  'type_1')  ('type_0'  1375)  ('type_1'  'type_1')  ('type_1'  1372)  (1372  1373)  (1372  1374)  (1373  1374)  (1373  1375)  (1374  1375)]
50, 2, 0, 26247, [('type_0'  'type_0')  ('type_0'  'type_1')  ('type_0'  1375)  ('type_1'  'type_1')  ('type_1'  1372)  (1372  1373)  (1373  1375)]
21, 2, 3, 25973, [('type_0'  'type_0')  ('type_0'  'type_1')  ('type_0'  1377)  ('type_0'  1378)  ('type_1'  'type_1')  ('type_1'  1372)  (1372  1373)  (1372  1374)  (1373  1374)  (1373  1375)  (1374  1375)  (1374  1376)  (1375  1376)  (1375  1377)  (1376  1377)  (1376  1378)  (1377  1378)]
41, 1, 0, 25930, [('type_0'  'type_0')  ('type_0'  'type_1')  ('type_0'  1375)  ('type_1'  'type_1')  ('type_1'  1372)  (1372  1373)  (1372  1374)  (1373  1374)  (1373  1375)  (1374  1375)]
22, 1, 2, 25801, [('type_0'  'type_0')  ('type_0'  'type_1')  ('type_0'  1378)  ('type_1'  'type_1')  ('type_1'  1372)  ('type_1'  1373)  (1372  1373)  (1372  1374)  (1373  1374)  (1373  1375)  (1374  1375)  (1374  1376)  (1375  1376)  (1375  1377)  (1376  1377)  (1376  1378)  (1377  1378)]
21, 1, 1, 25668, [('type_0'  'type_0')  ('type_0'  'type_1')  ('type_0'  1377)  ('type_0'  1378)  ('type_1'  'type_1')  ('type_1'  1372)  (1372  1373)  (1372  1374)  (1373  1374)  (1373  1375)  (1374  1375)  (1374  1376)  (1375  1376)  (1375  1377)  (1376  1377)  (1376  1378)  (1377  1378)]
50, 2, 0, 25650, [('type_0'  'type_0')  ('type_0'  'type_1')  ('type_0'  1375)  ('type_1'  'type_1')  ('type_1'  1372)  (1372  1373)  (1373  1375)]
16, 1, 1, 25557, [('type_0'  'type_0')  ('type_0'  'type_1')  ('type_0'  1377)  ('type_1'  'type_1')  ('type_1'  1372)  (1372  1373)  (1372  1374)  (1373  1374)  (1373  1375)  (1374  1375)  (1374  1376)  (1375  1376)  (1375  1377)  (1376  1377)]
4, 6, 0, 25432, [('type_0'  'type_0')  ('type_0'  'type_1')  ('type_0'  1374)  ('type_1'  'type_1')  ('type_1'  1372)  (1372  1373)  (1372  1374)  (1373  1374)]
16, 1, 1, 25339, [('type_0'  'type_0')  ('type_0'  'type_1')  ('type_0'  1377)  ('type_1'  'type_1')  ('type_1'  1372)  (1372  1373)  (1372  1374)  (1373  1374)  (1373  1375)  (1374  1375)  (1374  1376)  (1375  1376)  (1375  1377)  (1376  1377)]
21, 1, 2, 25210, [('type_0'  'type_0')  ('type_0'  'type_1')  ('type_0'  1377)  ('type_0'  1378)  ('type_1'  'type_1')  ('type_1'  1372)  (1372  1373)  (1372  1374)  (1373  1374)  (1373  1375)  (1374  1375)  (1374  1376)  (1375  1376)  (1375  1377)  (1376  1377)  (1376  1378)  (1377  1378)]
41, 1, 0, 25167, [('type_0'  'type_0')  ('type_0'  'type_1')  ('type_0'  1375)  ('type_1'  'type_1')  ('type_1'  1372)  (1372  1373)  (1372  1374)  (1373  1374)  (1373  1375)  (1374  1375)]
50, 2, 0, 25149, [('type_0'  'type_0')  ('type_0'  'type_1')  ('type_0'  1375)  ('type_1'  'type_1')  ('type_1'  1372)  (1372  1373)  (1373  1375)]
21, 1, 2, 25020, [('type_0'  'type_0')  ('type_0'  'type_1')  ('type_0'  1377)  ('type_0'  1378)  ('type_1'  'type_1')  ('type_1'  1372)  (1372  1373)  (1372  1374)  (1373  1374)  (1373  1375)  (1374  1375)  (1374  1376)  (1375  1376)  (1375  1377)  (1376  1377)  (1376  1378)  (1377  1378)]
22, 2, 3, 24746, [('type_0'  'type_0')  ('type_0'  'type_1')  ('type_0'  1378)  ('type_1'  'type_1')  ('type_1'  1372)  ('type_1'  1373)  (1372  1373)  (1372  1374)  (1373  1374)  (1373  1375)  (1374  1375)  (1374  1376)  (1375  1376)  (1375  1377)  (1376  1377)  (1376  1378)  (1377  1378)]
21, 1, 2, 24617, [('type_0'  'type_0')  ('type_0'  'type_1')  ('type_0'  1377)  ('type_0'  1378)  ('type_1'  'type_1')  ('type_1'  1372)  (1372  1373)  (1372  1374)  (1373  1374)  (1373  1375)  (1374  1375)  (1374  1376)  (1375  1376)  (1375  1377)  (1376  1377)  (1376  1378)  (1377  1378)]
12, 1, 0, 24547, [('type_0'  'type_0')  ('type_0'  'type_1')  ('type_0'  1376)  ('type_1'  'type_1')  ('type_1'  1372)  (1372  1373)  (1372  1374)  (1373  1374)  (1373  1375)  (1374  1375)  (1374  1376)  (1375  1376)]
50, 2, 0, 24529, [('type_0'  'type_0')  ('type_0'  'type_1')  ('type_0'  1375)  ('type_1'  'type_1')  ('type_1'  1372)  (1372  1373)  (1373  1375)]
22, 1, 1, 24396, [('type_0'  'type_0')  ('type_0'  'type_1')  ('type_0'  1378)  ('type_1'  'type_1')  ('type_1'  1372)  ('type_1'  1373)  (1372  1373)  (1372  1374)  (1373  1374)  (1373  1375)  (1374  1375)  (1374  1376)  (1375  1376)  (1375  1377)  (1376  1377)  (1376  1378)  (1377  1378)]
50, 2, 0, 24378, [('type_0'  'type_0')  ('type_0'  'type_1')  ('type_0'  1375)  ('type_1'  'type_1')  ('type_1'  1372)  (1372  1373)  (1373  1375)]
22, 1, 2, 24249, [('type_0'  'type_0')  ('type_0'  'type_1')  ('type_0'  1378)  ('type_1'  'type_1')  ('type_1'  1372)  ('type_1'  1373)  (1372  1373)  (1372  1374)  (1373  1374)  (1373  1375)  (1374  1375)  (1374  1376)  (1375  1376)  (1375  1377)  (1376  1377)  (1376  1378)  (1377  1378)]
12, 6, 5, 23789, [('type_0'  'type_0')  ('type_0'  'type_1')  ('type_0'  1376)  ('type_1'  'type_1')  ('type_1'  1372)  (1372  1373)  (1372  1374)  (1373  1374)  (1373  1375)  (1374  1375)  (1374  1376)  (1375  1376)]
22, 2, 4, 23519, [('type_0'  'type_0')  ('type_0'  'type_1')  ('type_0'  1378)  ('type_1'  'type_1')  ('type_1'  1372)  ('type_1'  1373)  (1372  1373)  (1372  1374)  (1373  1374)  (1373  1375)  (1374  1375)  (1374  1376)  (1375  1376)  (1375  1377)  (1376  1377)  (1376  1378)  (1377  1378)]
21, 1, 0, 23382, [('type_0'  'type_0')  ('type_0'  'type_1')  ('type_0'  1377)  ('type_0'  1378)  ('type_1'  'type_1')  ('type_1'  1372)  (1372  1373)  (1372  1374)  (1373  1374)  (1373  1375)  (1374  1375)  (1374  1376)  (1375  1376)  (1375  1377)  (1376  1377)  (1376  1378)  (1377  1378)]
50, 2, 0, 23364, [('type_0'  'type_0')  ('type_0'  'type_1')  ('type_0'  1375)  ('type_1'  'type_1')  ('type_1'  1372)  (1372  1373)  (1373  1375)]
16, 1, 1, 23271, [('type_0'  'type_0')  ('type_0'  'type_1')  ('type_0'  1377)  ('type_1'  'type_1')  ('type_1'  1372)  (1372  1373)  (1372  1374)  (1373  1374)  (1373  1375)  (1374  1375)  (1374  1376)  (1375  1376)  (1375  1377)  (1376  1377)]
50, 2, 0, 23253, [('type_0'  'type_0')  ('type_0'  'type_1')  ('type_0'  1375)  ('type_1'  'type_1')  ('type_1'  1372)  (1372  1373)  (1373  1375)]
41, 6, 5, 22950, [('type_0'  'type_0')  ('type_0'  'type_1')  ('type_0'  1375)  ('type_1'  'type_1')  ('type_1'  1372)  (1372  1373)  (1372  1374)  (1373  1374)  (1373  1375)  (1374  1375)]
203, 4, 1, 22748, [('type_0'  'type_0')  ('type_0'  'type_1')  ('type_0'  178)  ('type_1'  'type_1')  ('type_1'  1078)  (175  176)  (175  177)  (176  177)  (176  178)  (177  178)  (1078  176)]
4, 2, 0, 22704, [('type_0'  'type_0')  ('type_0'  'type_1')  ('type_0'  1374)  ('type_1'  'type_1')  ('type_1'  1372)  (1372  1373)  (1372  1374)  (1373  1374)]
41, 6, 6, 22404, [('type_0'  'type_0')  ('type_0'  'type_1')  ('type_0'  1375)  ('type_1'  'type_1')  ('type_1'  1372)  (1372  1373)  (1372  1374)  (1373  1374)  (1373  1375)  (1374  1375)]
22, 1, 1, 22271, [('type_0'  'type_0')  ('type_0'  'type_1')  ('type_0'  1378)  ('type_1'  'type_1')  ('type_1'  1372)  ('type_1'  1373)  (1372  1373)  (1372  1374)  (1373  1374)  (1373  1375)  (1374  1375)  (1374  1376)  (1375  1376)  (1375  1377)  (1376  1377)  (1376  1378)  (1377  1378)]
41, 2, 2, 22179, [('type_0'  'type_0')  ('type_0'  'type_1')  ('type_0'  1375)  ('type_1'  'type_1')  ('type_1'  1372)  (1372  1373)  (1372  1374)  (1373  1374)  (1373  1375)  (1374  1375)]
22, 1, 1, 22046, [('type_0'  'type_0')  ('type_0'  'type_1')  ('type_0'  1378)  ('type_1'  'type_1')  ('type_1'  1372)  ('type_1'  1373)  (1372  1373)  (1372  1374)  (1373  1374)  (1373  1375)  (1374  1375)  (1374  1376)  (1375  1376)  (1375  1377)  (1376  1377)  (1376  1378)  (1377  1378)]
4, 2, 0, 22002, [('type_0'  'type_0')  ('type_0'  'type_1')  ('type_0'  1374)  ('type_1'  'type_1')  ('type_1'  1372)  (1372  1373)  (1372  1374)  (1373  1374)]
16, 1, 1, 21909, [('type_0'  'type_0')  ('type_0'  'type_1')  ('type_0'  1377)  ('type_1'  'type_1')  ('type_1'  1372)  (1372  1373)  (1372  1374)  (1373  1374)  (1373  1375)  (1374  1375)  (1374  1376)  (1375  1376)  (1375  1377)  (1376  1377)]
21, 3, 6, 21498, [('type_0'  'type_0')  ('type_0'  'type_1')  ('type_0'  1377)  ('type_0'  1378)  ('type_1'  'type_1')  ('type_1'  1372)  (1372  1373)  (1372  1374)  (1373  1374)  (1373  1375)  (1374  1375)  (1374  1376)  (1375  1376)  (1375  1377)  (1376  1377)  (1376  1378)  (1377  1378)]
50, 3, 0, 21465, [('type_0'  'type_0')  ('type_0'  'type_1')  ('type_0'  1375)  ('type_1'  'type_1')  ('type_1'  1372)  (1372  1373)  (1373  1375)]
280, 4, 0, 21448, [('type_0'  'type_0')  ('type_0'  'type_1')  ('type_0'  372)  ('type_1'  'type_1')  ('type_1'  371)  (371  372)  (371  2262)]
41, 1, 1, 21408, [('type_0'  'type_0')  ('type_0'  'type_1')  ('type_0'  1375)  ('type_1'  'type_1')  ('type_1'  1372)  (1372  1373)  (1372  1374)  (1373  1374)  (1373  1375)  (1374  1375)]
12, 3, 3, 21186, [('type_0'  'type_0')  ('type_0'  'type_1')  ('type_0'  1376)  ('type_1'  'type_1')  ('type_1'  1372)  (1372  1373)  (1372  1374)  (1373  1374)  (1373  1375)  (1374  1375)  (1374  1376)  (1375  1376)]
4, 2, 0, 21142, [('type_0'  'type_0')  ('type_0'  'type_1')  ('type_0'  1374)  ('type_1'  'type_1')  ('type_1'  1372)  (1372  1373)  (1372  1374)  (1373  1374)]
16, 1, 1, 21049, [('type_0'  'type_0')  ('type_0'  'type_1')  ('type_0'  1377)  ('type_1'  'type_1')  ('type_1'  1372)  (1372  1373)  (1372  1374)  (1373  1374)  (1373  1375)  (1374  1375)  (1374  1376)  (1375  1376)  (1375  1377)  (1376  1377)]
560, 2, 1, 20979, [('type_0'  'type_0')  ('type_0'  'type_1')  ('type_0'  2551)  ('type_1'  'type_1')  ('type_1'  2539)  (2539  2541)  (2541  2542)  (2542  2549)  (2549  2551)]
50, 2, 1, 20964, [('type_0'  'type_0')  ('type_0'  'type_1')  ('type_0'  1375)  ('type_1'  'type_1')  ('type_1'  1372)  (1372  1373)  (1373  1375)]
16, 1, 1, 20871, [('type_0'  'type_0')  ('type_0'  'type_1')  ('type_0'  1377)  ('type_1'  'type_1')  ('type_1'  1372)  (1372  1373)  (1372  1374)  (1373  1374)  (1373  1375)  (1374  1375)  (1374  1376)  (1375  1376)  (1375  1377)  (1376  1377)]
41, 1, 1, 20831, [('type_0'  'type_0')  ('type_0'  'type_1')  ('type_0'  1375)  ('type_1'  'type_1')  ('type_1'  1372)  (1372  1373)  (1372  1374)  (1373  1374)  (1373  1375)  (1374  1375)]
22, 1, 0, 20694, [('type_0'  'type_0')  ('type_0'  'type_1')  ('type_0'  1378)  ('type_1'  'type_1')  ('type_1'  1372)  ('type_1'  1373)  (1372  1373)  (1372  1374)  (1373  1374)  (1373  1375)  (1374  1375)  (1374  1376)  (1375  1376)  (1375  1377)  (1376  1377)  (1376  1378)  (1377  1378)]
50, 1, 0, 20691, [('type_0'  'type_0')  ('type_0'  'type_1')  ('type_0'  1375)  ('type_1'  'type_1')  ('type_1'  1372)  (1372  1373)  (1373  1375)]
4, 1, 1, 20678, [('type_0'  'type_0')  ('type_0'  'type_1')  ('type_0'  1374)  ('type_1'  'type_1')  ('type_1'  1372)  (1372  1373)  (1372  1374)  (1373  1374)]
50, 2, 1, 20663, [('type_0'  'type_0')  ('type_0'  'type_1')  ('type_0'  1375)  ('type_1'  'type_1')  ('type_1'  1372)  (1372  1373)  (1373  1375)]
2319, 1, 0, 20639, [('type_0'  'type_0')  ('type_0'  'type_1')  ('type_0'  1765)  ('type_0'  1766)  ('type_1'  'type_1')  ('type_1'  563)  ('type_1'  564)  (563  564)  (563  565)  (564  565)  (565  564)  (565  606)  (606  1766)  (1765  1766)]
50, 1, 0, 20636, [('type_0'  'type_0')  ('type_0'  'type_1')  ('type_0'  1375)  ('type_1'  'type_1')  ('type_1'  1372)  (1372  1373)  (1373  1375)]
6424, 1, 0, 20608, [('type_0'  'type_0')  ('type_0'  'type_1')  ('type_1'  'type_1')  (0  2300)  (2300  2524)  (2300  2525)  (2524  0)  (2524  2525)  (2525  0)  (2525  2300)]
Basic edge list: 81023 bits
Final compression: 20608 bits (25.434753094800243 percent)
Best compression: 20608 bits (25.434753094800243 percent) occurred with 2999 of 3000 nodes compressed (99.96666666666667 percent)

real	11m3.000s
user	11m3.963s
sys	0m1.939s
