rule_id, collapses, edges_approx, total_cost, rule_details
22, 38, 38, 75639, [('type_0'  'type_0')  ('type_0'  'type_1')  ('type_0'  875)  ('type_1'  'type_1')  ('type_1'  869)  ('type_1'  870)  (869  870)  (869  871)  (870  871)  (870  872)  (871  872)  (871  873)  (872  873)  (872  874)  (873  874)  (873  875)  (874  875)]
21, 15, 15, 73566, [('type_0'  'type_0')  ('type_0'  'type_1')  ('type_0'  874)  ('type_0'  875)  ('type_1'  'type_1')  ('type_1'  869)  (869  870)  (869  871)  (870  871)  (870  872)  (871  872)  (871  873)  (872  873)  (872  874)  (873  874)  (873  875)  (874  875)]
54, 13, 0, 73242, [('type_0'  'type_0')  ('type_0'  'type_1')  ('type_0'  874)  ('type_1'  'type_1')  ('type_1'  869)  (869  870)  (870  872)  (872  874)]
22, 7, 7, 72239, [('type_0'  'type_0')  ('type_0'  'type_1')  ('type_0'  875)  ('type_1'  'type_1')  ('type_1'  869)  ('type_1'  870)  (869  870)  (869  871)  (870  871)  (870  872)  (871  872)  (871  873)  (872  873)  (872  874)  (873  874)  (873  875)  (874  875)]
21, 2, 2, 71961, [('type_0'  'type_0')  ('type_0'  'type_1')  ('type_0'  874)  ('type_0'  875)  ('type_1'  'type_1')  ('type_1'  869)  (869  870)  (869  871)  (870  871)  (870  872)  (871  872)  (871  873)  (872  873)  (872  874)  (873  874)  (873  875)  (874  875)]
54, 3, 0, 71886, [('type_0'  'type_0')  ('type_0'  'type_1')  ('type_0'  874)  ('type_1'  'type_1')  ('type_1'  869)  (869  870)  (870  872)  (872  874)]
21, 12, 12, 70158, [('type_0'  'type_0')  ('type_0'  'type_1')  ('type_0'  874)  ('type_0'  875)  ('type_1'  'type_1')  ('type_1'  869)  (869  870)  (869  871)  (870  871)  (870  872)  (871  872)  (871  873)  (872  873)  (872  874)  (873  874)  (873  875)  (874  875)]
54, 5, 1, 70028, [('type_0'  'type_0')  ('type_0'  'type_1')  ('type_0'  874)  ('type_1'  'type_1')  ('type_1'  869)  (869  870)  (870  872)  (872  874)]
22, 5, 5, 69315, [('type_0'  'type_0')  ('type_0'  'type_1')  ('type_0'  875)  ('type_1'  'type_1')  ('type_1'  869)  ('type_1'  870)  (869  870)  (869  871)  (870  871)  (870  872)  (871  872)  (871  873)  (872  873)  (872  874)  (873  874)  (873  875)  (874  875)]
21, 4, 4, 68747, [('type_0'  'type_0')  ('type_0'  'type_1')  ('type_0'  874)  ('type_0'  875)  ('type_1'  'type_1')  ('type_1'  869)  (869  870)  (869  871)  (870  871)  (870  872)  (871  872)  (871  873)  (872  873)  (872  874)  (873  874)  (873  875)  (874  875)]
54, 3, 0, 68672, [('type_0'  'type_0')  ('type_0'  'type_1')  ('type_0'  874)  ('type_1'  'type_1')  ('type_1'  869)  (869  870)  (870  872)  (872  874)]
22, 9, 9, 67379, [('type_0'  'type_0')  ('type_0'  'type_1')  ('type_0'  875)  ('type_1'  'type_1')  ('type_1'  869)  ('type_1'  870)  (869  870)  (869  871)  (870  871)  (870  872)  (871  872)  (871  873)  (872  873)  (872  874)  (873  874)  (873  875)  (874  875)]
54, 2, 0, 67333, [('type_0'  'type_0')  ('type_0'  'type_1')  ('type_0'  874)  ('type_1'  'type_1')  ('type_1'  869)  (869  870)  (870  872)  (872  874)]
21, 1, 1, 67200, [('type_0'  'type_0')  ('type_0'  'type_1')  ('type_0'  874)  ('type_0'  875)  ('type_1'  'type_1')  ('type_1'  869)  (869  870)  (869  871)  (870  871)  (870  872)  (871  872)  (871  873)  (872  873)  (872  874)  (873  874)  (873  875)  (874  875)]
22, 1, 1, 67067, [('type_0'  'type_0')  ('type_0'  'type_1')  ('type_0'  875)  ('type_1'  'type_1')  ('type_1'  869)  ('type_1'  870)  (869  870)  (869  871)  (870  871)  (870  872)  (871  872)  (871  873)  (872  873)  (872  874)  (873  874)  (873  875)  (874  875)]
21, 3, 5, 66652, [('type_0'  'type_0')  ('type_0'  'type_1')  ('type_0'  874)  ('type_0'  875)  ('type_1'  'type_1')  ('type_1'  869)  (869  870)  (869  871)  (870  871)  (870  872)  (871  872)  (871  873)  (872  873)  (872  874)  (873  874)  (873  875)  (874  875)]
22, 1, 1, 66519, [('type_0'  'type_0')  ('type_0'  'type_1')  ('type_0'  875)  ('type_1'  'type_1')  ('type_1'  869)  ('type_1'  870)  (869  870)  (869  871)  (870  871)  (870  872)  (871  872)  (871  873)  (872  873)  (872  874)  (873  874)  (873  875)  (874  875)]
50, 7, 0, 66457, [('type_0'  'type_0')  ('type_0'  'type_1')  ('type_0'  872)  ('type_1'  'type_1')  ('type_1'  869)  (869  870)  (870  872)]
16, 7, 6, 65803, [('type_0'  'type_0')  ('type_0'  'type_1')  ('type_0'  874)  ('type_1'  'type_1')  ('type_1'  869)  (869  870)  (869  871)  (870  871)  (870  872)  (871  872)  (871  873)  (872  873)  (872  874)  (873  874)]
22, 1, 1, 65670, [('type_0'  'type_0')  ('type_0'  'type_1')  ('type_0'  875)  ('type_1'  'type_1')  ('type_1'  869)  ('type_1'  870)  (869  870)  (869  871)  (870  871)  (870  872)  (871  872)  (871  873)  (872  873)  (872  874)  (873  874)  (873  875)  (874  875)]
21, 1, 2, 65541, [('type_0'  'type_0')  ('type_0'  'type_1')  ('type_0'  874)  ('type_0'  875)  ('type_1'  'type_1')  ('type_1'  869)  (869  870)  (869  871)  (870  871)  (870  872)  (871  872)  (871  873)  (872  873)  (872  874)  (873  874)  (873  875)  (874  875)]
22, 2, 3, 65267, [('type_0'  'type_0')  ('type_0'  'type_1')  ('type_0'  875)  ('type_1'  'type_1')  ('type_1'  869)  ('type_1'  870)  (869  870)  (869  871)  (870  871)  (870  872)  (871  872)  (871  873)  (872  873)  (872  874)  (873  874)  (873  875)  (874  875)]
50, 2, 0, 65249, [('type_0'  'type_0')  ('type_0'  'type_1')  ('type_0'  872)  ('type_1'  'type_1')  ('type_1'  869)  (869  870)  (870  872)]
21, 1, 2, 65120, [('type_0'  'type_0')  ('type_0'  'type_1')  ('type_0'  874)  ('type_0'  875)  ('type_1'  'type_1')  ('type_1'  869)  (869  870)  (869  871)  (870  871)  (870  872)  (871  872)  (871  873)  (872  873)  (872  874)  (873  874)  (873  875)  (874  875)]
22, 1, 1, 64987, [('type_0'  'type_0')  ('type_0'  'type_1')  ('type_0'  875)  ('type_1'  'type_1')  ('type_1'  869)  ('type_1'  870)  (869  870)  (869  871)  (870  871)  (870  872)  (871  872)  (871  873)  (872  873)  (872  874)  (873  874)  (873  875)  (874  875)]
21, 1, 1, 64854, [('type_0'  'type_0')  ('type_0'  'type_1')  ('type_0'  874)  ('type_0'  875)  ('type_1'  'type_1')  ('type_1'  869)  (869  870)  (869  871)  (870  871)  (870  872)  (871  872)  (871  873)  (872  873)  (872  874)  (873  874)  (873  875)  (874  875)]
22, 1, 1, 64721, [('type_0'  'type_0')  ('type_0'  'type_1')  ('type_0'  875)  ('type_1'  'type_1')  ('type_1'  869)  ('type_1'  870)  (869  870)  (869  871)  (870  871)  (870  872)  (871  872)  (871  873)  (872  873)  (872  874)  (873  874)  (873  875)  (874  875)]
21, 3, 3, 64298, [('type_0'  'type_0')  ('type_0'  'type_1')  ('type_0'  874)  ('type_0'  875)  ('type_1'  'type_1')  ('type_1'  869)  (869  870)  (869  871)  (870  871)  (870  872)  (871  872)  (871  873)  (872  873)  (872  874)  (873  874)  (873  875)  (874  875)]
54, 2, 0, 64252, [('type_0'  'type_0')  ('type_0'  'type_1')  ('type_0'  874)  ('type_1'  'type_1')  ('type_1'  869)  (869  870)  (870  872)  (872  874)]
21, 1, 2, 64123, [('type_0'  'type_0')  ('type_0'  'type_1')  ('type_0'  874)  ('type_0'  875)  ('type_1'  'type_1')  ('type_1'  869)  (869  870)  (869  871)  (870  871)  (870  872)  (871  872)  (871  873)  (872  873)  (872  874)  (873  874)  (873  875)  (874  875)]
16, 3, 2, 63816, [('type_0'  'type_0')  ('type_0'  'type_1')  ('type_0'  874)  ('type_1'  'type_1')  ('type_1'  869)  (869  870)  (869  871)  (870  871)  (870  872)  (871  872)  (871  873)  (872  873)  (872  874)  (873  874)]
22, 2, 3, 63542, [('type_0'  'type_0')  ('type_0'  'type_1')  ('type_0'  875)  ('type_1'  'type_1')  ('type_1'  869)  ('type_1'  870)  (869  870)  (869  871)  (870  871)  (870  872)  (871  872)  (871  873)  (872  873)  (872  874)  (873  874)  (873  875)  (874  875)]
50, 2, 0, 63524, [('type_0'  'type_0')  ('type_0'  'type_1')  ('type_0'  872)  ('type_1'  'type_1')  ('type_1'  869)  (869  870)  (870  872)]
22, 3, 4, 63105, [('type_0'  'type_0')  ('type_0'  'type_1')  ('type_0'  875)  ('type_1'  'type_1')  ('type_1'  869)  ('type_1'  870)  (869  870)  (869  871)  (870  871)  (870  872)  (871  872)  (871  873)  (872  873)  (872  874)  (873  874)  (873  875)  (874  875)]
21, 1, 1, 62972, [('type_0'  'type_0')  ('type_0'  'type_1')  ('type_0'  874)  ('type_0'  875)  ('type_1'  'type_1')  ('type_1'  869)  (869  870)  (869  871)  (870  871)  (870  872)  (871  872)  (871  873)  (872  873)  (872  874)  (873  874)  (873  875)  (874  875)]
22, 1, 1, 62839, [('type_0'  'type_0')  ('type_0'  'type_1')  ('type_0'  875)  ('type_1'  'type_1')  ('type_1'  869)  ('type_1'  870)  (869  870)  (869  871)  (870  871)  (870  872)  (871  872)  (871  873)  (872  873)  (872  874)  (873  874)  (873  875)  (874  875)]
21, 3, 3, 62416, [('type_0'  'type_0')  ('type_0'  'type_1')  ('type_0'  874)  ('type_0'  875)  ('type_1'  'type_1')  ('type_1'  869)  (869  870)  (869  871)  (870  871)  (870  872)  (871  872)  (871  873)  (872  873)  (872  874)  (873  874)  (873  875)  (874  875)]
54, 2, 0, 62370, [('type_0'  'type_0')  ('type_0'  'type_1')  ('type_0'  874)  ('type_1'  'type_1')  ('type_1'  869)  (869  870)  (870  872)  (872  874)]
21, 1, 2, 62241, [('type_0'  'type_0')  ('type_0'  'type_1')  ('type_0'  874)  ('type_0'  875)  ('type_1'  'type_1')  ('type_1'  869)  (869  870)  (869  871)  (870  871)  (870  872)  (871  872)  (871  873)  (872  873)  (872  874)  (873  874)  (873  875)  (874  875)]
22, 1, 1, 62108, [('type_0'  'type_0')  ('type_0'  'type_1')  ('type_0'  875)  ('type_1'  'type_1')  ('type_1'  869)  ('type_1'  870)  (869  870)  (869  871)  (870  871)  (870  872)  (871  872)  (871  873)  (872  873)  (872  874)  (873  874)  (873  875)  (874  875)]
21, 1, 1, 61975, [('type_0'  'type_0')  ('type_0'  'type_1')  ('type_0'  874)  ('type_0'  875)  ('type_1'  'type_1')  ('type_1'  869)  (869  870)  (869  871)  (870  871)  (870  872)  (871  872)  (871  873)  (872  873)  (872  874)  (873  874)  (873  875)  (874  875)]
22, 1, 1, 61842, [('type_0'  'type_0')  ('type_0'  'type_1')  ('type_0'  875)  ('type_1'  'type_1')  ('type_1'  869)  ('type_1'  870)  (869  870)  (869  871)  (870  871)  (870  872)  (871  872)  (871  873)  (872  873)  (872  874)  (873  874)  (873  875)  (874  875)]
21, 4, 4, 61274, [('type_0'  'type_0')  ('type_0'  'type_1')  ('type_0'  874)  ('type_0'  875)  ('type_1'  'type_1')  ('type_1'  869)  (869  870)  (869  871)  (870  871)  (870  872)  (871  872)  (871  873)  (872  873)  (872  874)  (873  874)  (873  875)  (874  875)]
54, 2, 0, 61228, [('type_0'  'type_0')  ('type_0'  'type_1')  ('type_0'  874)  ('type_1'  'type_1')  ('type_1'  869)  (869  870)  (870  872)  (872  874)]
22, 1, 2, 61099, [('type_0'  'type_0')  ('type_0'  'type_1')  ('type_0'  875)  ('type_1'  'type_1')  ('type_1'  869)  ('type_1'  870)  (869  870)  (869  871)  (870  871)  (870  872)  (871  872)  (871  873)  (872  873)  (872  874)  (873  874)  (873  875)  (874  875)]
16, 5, 5, 60586, [('type_0'  'type_0')  ('type_0'  'type_1')  ('type_0'  874)  ('type_1'  'type_1')  ('type_1'  869)  (869  870)  (869  871)  (870  871)  (870  872)  (871  872)  (871  873)  (872  873)  (872  874)  (873  874)]
21, 1, 2, 60457, [('type_0'  'type_0')  ('type_0'  'type_1')  ('type_0'  874)  ('type_0'  875)  ('type_1'  'type_1')  ('type_1'  869)  (869  870)  (869  871)  (870  871)  (870  872)  (871  872)  (871  873)  (872  873)  (872  874)  (873  874)  (873  875)  (874  875)]
22, 1, 1, 60324, [('type_0'  'type_0')  ('type_0'  'type_1')  ('type_0'  875)  ('type_1'  'type_1')  ('type_1'  869)  ('type_1'  870)  (869  870)  (869  871)  (870  871)  (870  872)  (871  872)  (871  873)  (872  873)  (872  874)  (873  874)  (873  875)  (874  875)]
21, 1, 1, 60191, [('type_0'  'type_0')  ('type_0'  'type_1')  ('type_0'  874)  ('type_0'  875)  ('type_1'  'type_1')  ('type_1'  869)  (869  870)  (869  871)  (870  871)  (870  872)  (871  872)  (871  873)  (872  873)  (872  874)  (873  874)  (873  875)  (874  875)]
22, 1, 1, 60058, [('type_0'  'type_0')  ('type_0'  'type_1')  ('type_0'  875)  ('type_1'  'type_1')  ('type_1'  869)  ('type_1'  870)  (869  870)  (869  871)  (870  871)  (870  872)  (871  872)  (871  873)  (872  873)  (872  874)  (873  874)  (873  875)  (874  875)]
21, 3, 3, 59635, [('type_0'  'type_0')  ('type_0'  'type_1')  ('type_0'  874)  ('type_0'  875)  ('type_1'  'type_1')  ('type_1'  869)  (869  870)  (869  871)  (870  871)  (870  872)  (871  872)  (871  873)  (872  873)  (872  874)  (873  874)  (873  875)  (874  875)]
54, 2, 0, 59589, [('type_0'  'type_0')  ('type_0'  'type_1')  ('type_0'  874)  ('type_1'  'type_1')  ('type_1'  869)  (869  870)  (870  872)  (872  874)]
21, 1, 2, 59460, [('type_0'  'type_0')  ('type_0'  'type_1')  ('type_0'  874)  ('type_0'  875)  ('type_1'  'type_1')  ('type_1'  869)  (869  870)  (869  871)  (870  871)  (870  872)  (871  872)  (871  873)  (872  873)  (872  874)  (873  874)  (873  875)  (874  875)]
22, 1, 1, 59327, [('type_0'  'type_0')  ('type_0'  'type_1')  ('type_0'  875)  ('type_1'  'type_1')  ('type_1'  869)  ('type_1'  870)  (869  870)  (869  871)  (870  871)  (870  872)  (871  872)  (871  873)  (872  873)  (872  874)  (873  874)  (873  875)  (874  875)]
21, 1, 1, 59194, [('type_0'  'type_0')  ('type_0'  'type_1')  ('type_0'  874)  ('type_0'  875)  ('type_1'  'type_1')  ('type_1'  869)  (869  870)  (869  871)  (870  871)  (870  872)  (871  872)  (871  873)  (872  873)  (872  874)  (873  874)  (873  875)  (874  875)]
22, 1, 1, 59061, [('type_0'  'type_0')  ('type_0'  'type_1')  ('type_0'  875)  ('type_1'  'type_1')  ('type_1'  869)  ('type_1'  870)  (869  870)  (869  871)  (870  871)  (870  872)  (871  872)  (871  873)  (872  873)  (872  874)  (873  874)  (873  875)  (874  875)]
21, 3, 3, 58638, [('type_0'  'type_0')  ('type_0'  'type_1')  ('type_0'  874)  ('type_0'  875)  ('type_1'  'type_1')  ('type_1'  869)  (869  870)  (869  871)  (870  871)  (870  872)  (871  872)  (871  873)  (872  873)  (872  874)  (873  874)  (873  875)  (874  875)]
54, 2, 0, 58592, [('type_0'  'type_0')  ('type_0'  'type_1')  ('type_0'  874)  ('type_1'  'type_1')  ('type_1'  869)  (869  870)  (870  872)  (872  874)]
21, 1, 2, 58463, [('type_0'  'type_0')  ('type_0'  'type_1')  ('type_0'  874)  ('type_0'  875)  ('type_1'  'type_1')  ('type_1'  869)  (869  870)  (869  871)  (870  871)  (870  872)  (871  872)  (871  873)  (872  873)  (872  874)  (873  874)  (873  875)  (874  875)]
22, 1, 1, 58330, [('type_0'  'type_0')  ('type_0'  'type_1')  ('type_0'  875)  ('type_1'  'type_1')  ('type_1'  869)  ('type_1'  870)  (869  870)  (869  871)  (870  871)  (870  872)  (871  872)  (871  873)  (872  873)  (872  874)  (873  874)  (873  875)  (874  875)]
21, 5, 5, 57617, [('type_0'  'type_0')  ('type_0'  'type_1')  ('type_0'  874)  ('type_0'  875)  ('type_1'  'type_1')  ('type_1'  869)  (869  870)  (869  871)  (870  871)  (870  872)  (871  872)  (871  873)  (872  873)  (872  874)  (873  874)  (873  875)  (874  875)]
54, 2, 0, 57571, [('type_0'  'type_0')  ('type_0'  'type_1')  ('type_0'  874)  ('type_1'  'type_1')  ('type_1'  869)  (869  870)  (870  872)  (872  874)]
22, 1, 1, 57438, [('type_0'  'type_0')  ('type_0'  'type_1')  ('type_0'  875)  ('type_1'  'type_1')  ('type_1'  869)  ('type_1'  870)  (869  870)  (869  871)  (870  871)  (870  872)  (871  872)  (871  873)  (872  873)  (872  874)  (873  874)  (873  875)  (874  875)]
50, 2, 0, 57420, [('type_0'  'type_0')  ('type_0'  'type_1')  ('type_0'  872)  ('type_1'  'type_1')  ('type_1'  869)  (869  870)  (870  872)]
21, 4, 6, 56860, [('type_0'  'type_0')  ('type_0'  'type_1')  ('type_0'  874)  ('type_0'  875)  ('type_1'  'type_1')  ('type_1'  869)  (869  870)  (869  871)  (870  871)  (870  872)  (871  872)  (871  873)  (872  873)  (872  874)  (873  874)  (873  875)  (874  875)]
54, 1, 0, 56843, [('type_0'  'type_0')  ('type_0'  'type_1')  ('type_0'  874)  ('type_1'  'type_1')  ('type_1'  869)  (869  870)  (870  872)  (872  874)]
21, 1, 2, 56714, [('type_0'  'type_0')  ('type_0'  'type_1')  ('type_0'  874)  ('type_0'  875)  ('type_1'  'type_1')  ('type_1'  869)  (869  870)  (869  871)  (870  871)  (870  872)  (871  872)  (871  873)  (872  873)  (872  874)  (873  874)  (873  875)  (874  875)]
22, 1, 1, 56581, [('type_0'  'type_0')  ('type_0'  'type_1')  ('type_0'  875)  ('type_1'  'type_1')  ('type_1'  869)  ('type_1'  870)  (869  870)  (869  871)  (870  871)  (870  872)  (871  872)  (871  873)  (872  873)  (872  874)  (873  874)  (873  875)  (874  875)]
21, 1, 1, 56448, [('type_0'  'type_0')  ('type_0'  'type_1')  ('type_0'  874)  ('type_0'  875)  ('type_1'  'type_1')  ('type_1'  869)  (869  870)  (869  871)  (870  871)  (870  872)  (871  872)  (871  873)  (872  873)  (872  874)  (873  874)  (873  875)  (874  875)]
16, 1, 0, 56351, [('type_0'  'type_0')  ('type_0'  'type_1')  ('type_0'  874)  ('type_1'  'type_1')  ('type_1'  869)  (869  870)  (869  871)  (870  871)  (870  872)  (871  872)  (871  873)  (872  873)  (872  874)  (873  874)]
54, 1, 0, 56334, [('type_0'  'type_0')  ('type_0'  'type_1')  ('type_0'  874)  ('type_1'  'type_1')  ('type_1'  869)  (869  870)  (870  872)  (872  874)]
21, 2, 4, 56064, [('type_0'  'type_0')  ('type_0'  'type_1')  ('type_0'  874)  ('type_0'  875)  ('type_1'  'type_1')  ('type_1'  869)  (869  870)  (869  871)  (870  871)  (870  872)  (871  872)  (871  873)  (872  873)  (872  874)  (873  874)  (873  875)  (874  875)]
22, 3, 4, 55645, [('type_0'  'type_0')  ('type_0'  'type_1')  ('type_0'  875)  ('type_1'  'type_1')  ('type_1'  869)  ('type_1'  870)  (869  870)  (869  871)  (870  871)  (870  872)  (871  872)  (871  873)  (872  873)  (872  874)  (873  874)  (873  875)  (874  875)]
50, 2, 0, 55627, [('type_0'  'type_0')  ('type_0'  'type_1')  ('type_0'  872)  ('type_1'  'type_1')  ('type_1'  869)  (869  870)  (870  872)]
21, 1, 2, 55498, [('type_0'  'type_0')  ('type_0'  'type_1')  ('type_0'  874)  ('type_0'  875)  ('type_1'  'type_1')  ('type_1'  869)  (869  870)  (869  871)  (870  871)  (870  872)  (871  872)  (871  873)  (872  873)  (872  874)  (873  874)  (873  875)  (874  875)]
16, 2, 1, 55296, [('type_0'  'type_0')  ('type_0'  'type_1')  ('type_0'  874)  ('type_1'  'type_1')  ('type_1'  869)  (869  870)  (869  871)  (870  871)  (870  872)  (871  872)  (871  873)  (872  873)  (872  874)  (873  874)]
21, 4, 5, 54732, [('type_0'  'type_0')  ('type_0'  'type_1')  ('type_0'  874)  ('type_0'  875)  ('type_1'  'type_1')  ('type_1'  869)  (869  870)  (869  871)  (870  871)  (870  872)  (871  872)  (871  873)  (872  873)  (872  874)  (873  874)  (873  875)  (874  875)]
22, 1, 1, 54599, [('type_0'  'type_0')  ('type_0'  'type_1')  ('type_0'  875)  ('type_1'  'type_1')  ('type_1'  869)  ('type_1'  870)  (869  870)  (869  871)  (870  871)  (870  872)  (871  872)  (871  873)  (872  873)  (872  874)  (873  874)  (873  875)  (874  875)]
50, 2, 0, 54581, [('type_0'  'type_0')  ('type_0'  'type_1')  ('type_0'  872)  ('type_1'  'type_1')  ('type_1'  869)  (869  870)  (870  872)]
16, 6, 6, 53963, [('type_0'  'type_0')  ('type_0'  'type_1')  ('type_0'  874)  ('type_1'  'type_1')  ('type_1'  869)  (869  870)  (869  871)  (870  871)  (870  872)  (871  872)  (871  873)  (872  873)  (872  874)  (873  874)]
54, 1, 0, 53946, [('type_0'  'type_0')  ('type_0'  'type_1')  ('type_0'  874)  ('type_1'  'type_1')  ('type_1'  869)  (869  870)  (870  872)  (872  874)]
21, 2, 3, 53672, [('type_0'  'type_0')  ('type_0'  'type_1')  ('type_0'  874)  ('type_0'  875)  ('type_1'  'type_1')  ('type_1'  869)  (869  870)  (869  871)  (870  871)  (870  872)  (871  872)  (871  873)  (872  873)  (872  874)  (873  874)  (873  875)  (874  875)]
22, 1, 1, 53539, [('type_0'  'type_0')  ('type_0'  'type_1')  ('type_0'  875)  ('type_1'  'type_1')  ('type_1'  869)  ('type_1'  870)  (869  870)  (869  871)  (870  871)  (870  872)  (871  872)  (871  873)  (872  873)  (872  874)  (873  874)  (873  875)  (874  875)]
21, 1, 1, 53406, [('type_0'  'type_0')  ('type_0'  'type_1')  ('type_0'  874)  ('type_0'  875)  ('type_1'  'type_1')  ('type_1'  869)  (869  870)  (869  871)  (870  871)  (870  872)  (871  872)  (871  873)  (872  873)  (872  874)  (873  874)  (873  875)  (874  875)]
22, 1, 1, 53273, [('type_0'  'type_0')  ('type_0'  'type_1')  ('type_0'  875)  ('type_1'  'type_1')  ('type_1'  869)  ('type_1'  870)  (869  870)  (869  871)  (870  871)  (870  872)  (871  872)  (871  873)  (872  873)  (872  874)  (873  874)  (873  875)  (874  875)]
21, 3, 3, 52850, [('type_0'  'type_0')  ('type_0'  'type_1')  ('type_0'  874)  ('type_0'  875)  ('type_1'  'type_1')  ('type_1'  869)  (869  870)  (869  871)  (870  871)  (870  872)  (871  872)  (871  873)  (872  873)  (872  874)  (873  874)  (873  875)  (874  875)]
54, 2, 0, 52804, [('type_0'  'type_0')  ('type_0'  'type_1')  ('type_0'  874)  ('type_1'  'type_1')  ('type_1'  869)  (869  870)  (870  872)  (872  874)]
21, 3, 4, 52385, [('type_0'  'type_0')  ('type_0'  'type_1')  ('type_0'  874)  ('type_0'  875)  ('type_1'  'type_1')  ('type_1'  869)  (869  870)  (869  871)  (870  871)  (870  872)  (871  872)  (871  873)  (872  873)  (872  874)  (873  874)  (873  875)  (874  875)]
22, 1, 1, 52252, [('type_0'  'type_0')  ('type_0'  'type_1')  ('type_0'  875)  ('type_1'  'type_1')  ('type_1'  869)  ('type_1'  870)  (869  870)  (869  871)  (870  871)  (870  872)  (871  872)  (871  873)  (872  873)  (872  874)  (873  874)  (873  875)  (874  875)]
16, 6, 6, 51634, [('type_0'  'type_0')  ('type_0'  'type_1')  ('type_0'  874)  ('type_1'  'type_1')  ('type_1'  869)  (869  870)  (869  871)  (870  871)  (870  872)  (871  872)  (871  873)  (872  873)  (872  874)  (873  874)]
22, 1, 1, 51501, [('type_0'  'type_0')  ('type_0'  'type_1')  ('type_0'  875)  ('type_1'  'type_1')  ('type_1'  869)  ('type_1'  870)  (869  870)  (869  871)  (870  871)  (870  872)  (871  872)  (871  873)  (872  873)  (872  874)  (873  874)  (873  875)  (874  875)]
50, 2, 0, 51483, [('type_0'  'type_0')  ('type_0'  'type_1')  ('type_0'  872)  ('type_1'  'type_1')  ('type_1'  869)  (869  870)  (870  872)]
54, 1, 0, 51466, [('type_0'  'type_0')  ('type_0'  'type_1')  ('type_0'  874)  ('type_1'  'type_1')  ('type_1'  869)  (869  870)  (870  872)  (872  874)]
21, 1, 2, 51337, [('type_0'  'type_0')  ('type_0'  'type_1')  ('type_0'  874)  ('type_0'  875)  ('type_1'  'type_1')  ('type_1'  869)  (869  870)  (869  871)  (870  871)  (870  872)  (871  872)  (871  873)  (872  873)  (872  874)  (873  874)  (873  875)  (874  875)]
22, 1, 1, 51204, [('type_0'  'type_0')  ('type_0'  'type_1')  ('type_0'  875)  ('type_1'  'type_1')  ('type_1'  869)  ('type_1'  870)  (869  870)  (869  871)  (870  871)  (870  872)  (871  872)  (871  873)  (872  873)  (872  874)  (873  874)  (873  875)  (874  875)]
21, 3, 3, 50781, [('type_0'  'type_0')  ('type_0'  'type_1')  ('type_0'  874)  ('type_0'  875)  ('type_1'  'type_1')  ('type_1'  869)  (869  870)  (869  871)  (870  871)  (870  872)  (871  872)  (871  873)  (872  873)  (872  874)  (873  874)  (873  875)  (874  875)]
50, 1, 0, 50778, [('type_0'  'type_0')  ('type_0'  'type_1')  ('type_0'  872)  ('type_1'  'type_1')  ('type_1'  869)  (869  870)  (870  872)]
54, 1, 0, 50761, [('type_0'  'type_0')  ('type_0'  'type_1')  ('type_0'  874)  ('type_1'  'type_1')  ('type_1'  869)  (869  870)  (870  872)  (872  874)]
21, 5, 6, 50052, [('type_0'  'type_0')  ('type_0'  'type_1')  ('type_0'  874)  ('type_0'  875)  ('type_1'  'type_1')  ('type_1'  869)  (869  870)  (869  871)  (870  871)  (870  872)  (871  872)  (871  873)  (872  873)  (872  874)  (873  874)  (873  875)  (874  875)]
22, 1, 1, 49919, [('type_0'  'type_0')  ('type_0'  'type_1')  ('type_0'  875)  ('type_1'  'type_1')  ('type_1'  869)  ('type_1'  870)  (869  870)  (869  871)  (870  871)  (870  872)  (871  872)  (871  873)  (872  873)  (872  874)  (873  874)  (873  875)  (874  875)]
54, 2, 0, 49873, [('type_0'  'type_0')  ('type_0'  'type_1')  ('type_0'  874)  ('type_1'  'type_1')  ('type_1'  869)  (869  870)  (870  872)  (872  874)]
16, 3, 3, 49570, [('type_0'  'type_0')  ('type_0'  'type_1')  ('type_0'  874)  ('type_1'  'type_1')  ('type_1'  869)  (869  870)  (869  871)  (870  871)  (870  872)  (871  872)  (871  873)  (872  873)  (872  874)  (873  874)]
21, 5, 9, 48873, [('type_0'  'type_0')  ('type_0'  'type_1')  ('type_0'  874)  ('type_0'  875)  ('type_1'  'type_1')  ('type_1'  869)  (869  870)  (869  871)  (870  871)  (870  872)  (871  872)  (871  873)  (872  873)  (872  874)  (873  874)  (873  875)  (874  875)]
16, 2, 2, 48675, [('type_0'  'type_0')  ('type_0'  'type_1')  ('type_0'  874)  ('type_1'  'type_1')  ('type_1'  869)  (869  870)  (869  871)  (870  871)  (870  872)  (871  872)  (871  873)  (872  873)  (872  874)  (873  874)]
50, 2, 0, 48657, [('type_0'  'type_0')  ('type_0'  'type_1')  ('type_0'  872)  ('type_1'  'type_1')  ('type_1'  869)  (869  870)  (870  872)]
21, 1, 2, 48528, [('type_0'  'type_0')  ('type_0'  'type_1')  ('type_0'  874)  ('type_0'  875)  ('type_1'  'type_1')  ('type_1'  869)  (869  870)  (869  871)  (870  871)  (870  872)  (871  872)  (871  873)  (872  873)  (872  874)  (873  874)  (873  875)  (874  875)]
22, 1, 1, 48395, [('type_0'  'type_0')  ('type_0'  'type_1')  ('type_0'  875)  ('type_1'  'type_1')  ('type_1'  869)  ('type_1'  870)  (869  870)  (869  871)  (870  871)  (870  872)  (871  872)  (871  873)  (872  873)  (872  874)  (873  874)  (873  875)  (874  875)]
16, 3, 3, 48092, [('type_0'  'type_0')  ('type_0'  'type_1')  ('type_0'  874)  ('type_1'  'type_1')  ('type_1'  869)  (869  870)  (869  871)  (870  871)  (870  872)  (871  872)  (871  873)  (872  873)  (872  874)  (873  874)]
22, 2, 3, 47818, [('type_0'  'type_0')  ('type_0'  'type_1')  ('type_0'  875)  ('type_1'  'type_1')  ('type_1'  869)  ('type_1'  870)  (869  870)  (869  871)  (870  871)  (870  872)  (871  872)  (871  873)  (872  873)  (872  874)  (873  874)  (873  875)  (874  875)]
50, 2, 0, 47800, [('type_0'  'type_0')  ('type_0'  'type_1')  ('type_0'  872)  ('type_1'  'type_1')  ('type_1'  869)  (869  870)  (870  872)]
22, 1, 2, 47671, [('type_0'  'type_0')  ('type_0'  'type_1')  ('type_0'  875)  ('type_1'  'type_1')  ('type_1'  869)  ('type_1'  870)  (869  870)  (869  871)  (870  871)  (870  872)  (871  872)  (871  873)  (872  873)  (872  874)  (873  874)  (873  875)  (874  875)]
21, 1, 0, 47534, [('type_0'  'type_0')  ('type_0'  'type_1')  ('type_0'  874)  ('type_0'  875)  ('type_1'  'type_1')  ('type_1'  869)  (869  870)  (869  871)  (870  871)  (870  872)  (871  872)  (871  873)  (872  873)  (872  874)  (873  874)  (873  875)  (874  875)]
22, 3, 4, 47115, [('type_0'  'type_0')  ('type_0'  'type_1')  ('type_0'  875)  ('type_1'  'type_1')  ('type_1'  869)  ('type_1'  870)  (869  870)  (869  871)  (870  871)  (870  872)  (871  872)  (871  873)  (872  873)  (872  874)  (873  874)  (873  875)  (874  875)]
16, 2, 2, 46917, [('type_0'  'type_0')  ('type_0'  'type_1')  ('type_0'  874)  ('type_1'  'type_1')  ('type_1'  869)  (869  870)  (869  871)  (870  871)  (870  872)  (871  872)  (871  873)  (872  873)  (872  874)  (873  874)]
54, 1, 0, 46900, [('type_0'  'type_0')  ('type_0'  'type_1')  ('type_0'  874)  ('type_1'  'type_1')  ('type_1'  869)  (869  870)  (870  872)  (872  874)]
22, 2, 3, 46626, [('type_0'  'type_0')  ('type_0'  'type_1')  ('type_0'  875)  ('type_1'  'type_1')  ('type_1'  869)  ('type_1'  870)  (869  870)  (869  871)  (870  871)  (870  872)  (871  872)  (871  873)  (872  873)  (872  874)  (873  874)  (873  875)  (874  875)]
21, 1, 1, 46493, [('type_0'  'type_0')  ('type_0'  'type_1')  ('type_0'  874)  ('type_0'  875)  ('type_1'  'type_1')  ('type_1'  869)  (869  870)  (869  871)  (870  871)  (870  872)  (871  872)  (871  873)  (872  873)  (872  874)  (873  874)  (873  875)  (874  875)]
22, 1, 1, 46360, [('type_0'  'type_0')  ('type_0'  'type_1')  ('type_0'  875)  ('type_1'  'type_1')  ('type_1'  869)  ('type_1'  870)  (869  870)  (869  871)  (870  871)  (870  872)  (871  872)  (871  873)  (872  873)  (872  874)  (873  874)  (873  875)  (874  875)]
21, 4, 4, 45792, [('type_0'  'type_0')  ('type_0'  'type_1')  ('type_0'  874)  ('type_0'  875)  ('type_1'  'type_1')  ('type_1'  869)  (869  870)  (869  871)  (870  871)  (870  872)  (871  872)  (871  873)  (872  873)  (872  874)  (873  874)  (873  875)  (874  875)]
50, 2, 0, 45774, [('type_0'  'type_0')  ('type_0'  'type_1')  ('type_0'  872)  ('type_1'  'type_1')  ('type_1'  869)  (869  870)  (870  872)]
54, 2, 0, 45728, [('type_0'  'type_0')  ('type_0'  'type_1')  ('type_0'  874)  ('type_1'  'type_1')  ('type_1'  869)  (869  870)  (870  872)  (872  874)]
21, 4, 5, 45164, [('type_0'  'type_0')  ('type_0'  'type_1')  ('type_0'  874)  ('type_0'  875)  ('type_1'  'type_1')  ('type_1'  869)  (869  870)  (869  871)  (870  871)  (870  872)  (871  872)  (871  873)  (872  873)  (872  874)  (873  874)  (873  875)  (874  875)]
22, 1, 1, 45031, [('type_0'  'type_0')  ('type_0'  'type_1')  ('type_0'  875)  ('type_1'  'type_1')  ('type_1'  869)  ('type_1'  870)  (869  870)  (869  871)  (870  871)  (870  872)  (871  872)  (871  873)  (872  873)  (872  874)  (873  874)  (873  875)  (874  875)]
50, 1, 0, 45028, [('type_0'  'type_0')  ('type_0'  'type_1')  ('type_0'  872)  ('type_1'  'type_1')  ('type_1'  869)  (869  870)  (870  872)]
54, 1, 0, 45011, [('type_0'  'type_0')  ('type_0'  'type_1')  ('type_0'  874)  ('type_1'  'type_1')  ('type_1'  869)  (869  870)  (870  872)  (872  874)]
22, 2, 3, 44737, [('type_0'  'type_0')  ('type_0'  'type_1')  ('type_0'  875)  ('type_1'  'type_1')  ('type_1'  869)  ('type_1'  870)  (869  870)  (869  871)  (870  871)  (870  872)  (871  872)  (871  873)  (872  873)  (872  874)  (873  874)  (873  875)  (874  875)]
21, 1, 1, 44604, [('type_0'  'type_0')  ('type_0'  'type_1')  ('type_0'  874)  ('type_0'  875)  ('type_1'  'type_1')  ('type_1'  869)  (869  870)  (869  871)  (870  871)  (870  872)  (871  872)  (871  873)  (872  873)  (872  874)  (873  874)  (873  875)  (874  875)]
16, 3, 3, 44301, [('type_0'  'type_0')  ('type_0'  'type_1')  ('type_0'  874)  ('type_1'  'type_1')  ('type_1'  869)  (869  870)  (869  871)  (870  871)  (870  872)  (871  872)  (871  873)  (872  873)  (872  874)  (873  874)]
22, 1, 1, 44168, [('type_0'  'type_0')  ('type_0'  'type_1')  ('type_0'  875)  ('type_1'  'type_1')  ('type_1'  869)  ('type_1'  870)  (869  870)  (869  871)  (870  871)  (870  872)  (871  872)  (871  873)  (872  873)  (872  874)  (873  874)  (873  875)  (874  875)]
21, 5, 5, 43455, [('type_0'  'type_0')  ('type_0'  'type_1')  ('type_0'  874)  ('type_0'  875)  ('type_1'  'type_1')  ('type_1'  869)  (869  870)  (869  871)  (870  871)  (870  872)  (871  872)  (871  873)  (872  873)  (872  874)  (873  874)  (873  875)  (874  875)]
54, 2, 0, 43409, [('type_0'  'type_0')  ('type_0'  'type_1')  ('type_0'  874)  ('type_1'  'type_1')  ('type_1'  869)  (869  870)  (870  872)  (872  874)]
22, 2, 3, 43135, [('type_0'  'type_0')  ('type_0'  'type_1')  ('type_0'  875)  ('type_1'  'type_1')  ('type_1'  869)  ('type_1'  870)  (869  870)  (869  871)  (870  871)  (870  872)  (871  872)  (871  873)  (872  873)  (872  874)  (873  874)  (873  875)  (874  875)]
50, 2, 0, 43117, [('type_0'  'type_0')  ('type_0'  'type_1')  ('type_0'  872)  ('type_1'  'type_1')  ('type_1'  869)  (869  870)  (870  872)]
21, 2, 2, 42839, [('type_0'  'type_0')  ('type_0'  'type_1')  ('type_0'  874)  ('type_0'  875)  ('type_1'  'type_1')  ('type_1'  869)  (869  870)  (869  871)  (870  871)  (870  872)  (871  872)  (871  873)  (872  873)  (872  874)  (873  874)  (873  875)  (874  875)]
22, 2, 3, 42565, [('type_0'  'type_0')  ('type_0'  'type_1')  ('type_0'  875)  ('type_1'  'type_1')  ('type_1'  869)  ('type_1'  870)  (869  870)  (869  871)  (870  871)  (870  872)  (871  872)  (871  873)  (872  873)  (872  874)  (873  874)  (873  875)  (874  875)]
21, 1, 1, 42432, [('type_0'  'type_0')  ('type_0'  'type_1')  ('type_0'  874)  ('type_0'  875)  ('type_1'  'type_1')  ('type_1'  869)  (869  870)  (869  871)  (870  871)  (870  872)  (871  872)  (871  873)  (872  873)  (872  874)  (873  874)  (873  875)  (874  875)]
54, 1, 0, 42415, [('type_0'  'type_0')  ('type_0'  'type_1')  ('type_0'  874)  ('type_1'  'type_1')  ('type_1'  869)  (869  870)  (870  872)  (872  874)]
21, 2, 4, 42145, [('type_0'  'type_0')  ('type_0'  'type_1')  ('type_0'  874)  ('type_0'  875)  ('type_1'  'type_1')  ('type_1'  869)  (869  870)  (869  871)  (870  871)  (870  872)  (871  872)  (871  873)  (872  873)  (872  874)  (873  874)  (873  875)  (874  875)]
22, 1, 1, 42012, [('type_0'  'type_0')  ('type_0'  'type_1')  ('type_0'  875)  ('type_1'  'type_1')  ('type_1'  869)  ('type_1'  870)  (869  870)  (869  871)  (870  871)  (870  872)  (871  872)  (871  873)  (872  873)  (872  874)  (873  874)  (873  875)  (874  875)]
16, 6, 5, 41390, [('type_0'  'type_0')  ('type_0'  'type_1')  ('type_0'  874)  ('type_1'  'type_1')  ('type_1'  869)  (869  870)  (869  871)  (870  871)  (870  872)  (871  872)  (871  873)  (872  873)  (872  874)  (873  874)]
50, 2, 0, 41372, [('type_0'  'type_0')  ('type_0'  'type_1')  ('type_0'  872)  ('type_1'  'type_1')  ('type_1'  869)  (869  870)  (870  872)]
364, 4, 4, 40946, [('type_0'  'type_0')  ('type_0'  'type_1')  ('type_0'  1091)  ('type_0'  1092)  ('type_1'  'type_1')  ('type_1'  1086)  (1086  1087)  (1086  1088)  (1087  1089)  (1088  1089)  (1088  1090)  (1089  1090)  (1089  1091)  (1090  1091)  (1090  1092)  (1091  1092)]
22, 2, 1, 40664, [('type_0'  'type_0')  ('type_0'  'type_1')  ('type_0'  875)  ('type_1'  'type_1')  ('type_1'  869)  ('type_1'  870)  (869  870)  (869  871)  (870  871)  (870  872)  (871  872)  (871  873)  (872  873)  (872  874)  (873  874)  (873  875)  (874  875)]
364, 3, 4, 40284, [('type_0'  'type_0')  ('type_0'  'type_1')  ('type_0'  1091)  ('type_0'  1092)  ('type_1'  'type_1')  ('type_1'  1086)  (1086  1087)  (1086  1088)  (1087  1089)  (1088  1089)  (1088  1090)  (1089  1090)  (1089  1091)  (1090  1091)  (1090  1092)  (1091  1092)]
50, 4, 0, 40236, [('type_0'  'type_0')  ('type_0'  'type_1')  ('type_0'  872)  ('type_1'  'type_1')  ('type_1'  869)  (869  870)  (870  872)]
16, 5, 5, 39723, [('type_0'  'type_0')  ('type_0'  'type_1')  ('type_0'  874)  ('type_1'  'type_1')  ('type_1'  869)  (869  870)  (869  871)  (870  871)  (870  872)  (871  872)  (871  873)  (872  873)  (872  874)  (873  874)]
22, 2, 3, 39449, [('type_0'  'type_0')  ('type_0'  'type_1')  ('type_0'  875)  ('type_1'  'type_1')  ('type_1'  869)  ('type_1'  870)  (869  870)  (869  871)  (870  871)  (870  872)  (871  872)  (871  873)  (872  873)  (872  874)  (873  874)  (873  875)  (874  875)]
12, 7, 5, 38965, [('type_0'  'type_0')  ('type_0'  'type_1')  ('type_0'  873)  ('type_1'  'type_1')  ('type_1'  869)  (869  870)  (869  871)  (870  871)  (870  872)  (871  872)  (871  873)  (872  873)]
22, 1, 1, 38832, [('type_0'  'type_0')  ('type_0'  'type_1')  ('type_0'  875)  ('type_1'  'type_1')  ('type_1'  869)  ('type_1'  870)  (869  870)  (869  871)  (870  871)  (870  872)  (871  872)  (871  873)  (872  873)  (872  874)  (873  874)  (873  875)  (874  875)]
12, 30, 29, 36500, [('type_0'  'type_0')  ('type_0'  'type_1')  ('type_0'  873)  ('type_1'  'type_1')  ('type_1'  869)  (869  870)  (869  871)  (870  871)  (870  872)  (871  872)  (871  873)  (872  873)]
21, 2, 3, 36226, [('type_0'  'type_0')  ('type_0'  'type_1')  ('type_0'  874)  ('type_0'  875)  ('type_1'  'type_1')  ('type_1'  869)  (869  870)  (869  871)  (870  871)  (870  872)  (871  872)  (871  873)  (872  873)  (872  874)  (873  874)  (873  875)  (874  875)]
50, 2, 0, 36208, [('type_0'  'type_0')  ('type_0'  'type_1')  ('type_0'  872)  ('type_1'  'type_1')  ('type_1'  869)  (869  870)  (870  872)]
22, 3, 5, 35793, [('type_0'  'type_0')  ('type_0'  'type_1')  ('type_0'  875)  ('type_1'  'type_1')  ('type_1'  869)  ('type_1'  870)  (869  870)  (869  871)  (870  871)  (870  872)  (871  872)  (871  873)  (872  873)  (872  874)  (873  874)  (873  875)  (874  875)]
4, 6, 0, 35668, [('type_0'  'type_0')  ('type_0'  'type_1')  ('type_0'  871)  ('type_1'  'type_1')  ('type_1'  869)  (869  870)  (869  871)  (870  871)]
22, 3, 4, 35249, [('type_0'  'type_0')  ('type_0'  'type_1')  ('type_0'  875)  ('type_1'  'type_1')  ('type_1'  869)  ('type_1'  870)  (869  870)  (869  871)  (870  871)  (870  872)  (871  872)  (871  873)  (872  873)  (872  874)  (873  874)  (873  875)  (874  875)]
16, 4, 4, 34841, [('type_0'  'type_0')  ('type_0'  'type_1')  ('type_0'  874)  ('type_1'  'type_1')  ('type_1'  869)  (869  870)  (869  871)  (870  871)  (870  872)  (871  872)  (871  873)  (872  873)  (872  874)  (873  874)]
54, 1, 0, 34824, [('type_0'  'type_0')  ('type_0'  'type_1')  ('type_0'  874)  ('type_1'  'type_1')  ('type_1'  869)  (869  870)  (870  872)  (872  874)]
21, 4, 5, 34260, [('type_0'  'type_0')  ('type_0'  'type_1')  ('type_0'  874)  ('type_0'  875)  ('type_1'  'type_1')  ('type_1'  869)  (869  870)  (869  871)  (870  871)  (870  872)  (871  872)  (871  873)  (872  873)  (872  874)  (873  874)  (873  875)  (874  875)]
22, 1, 1, 34127, [('type_0'  'type_0')  ('type_0'  'type_1')  ('type_0'  875)  ('type_1'  'type_1')  ('type_1'  869)  ('type_1'  870)  (869  870)  (869  871)  (870  871)  (870  872)  (871  872)  (871  873)  (872  873)  (872  874)  (873  874)  (873  875)  (874  875)]
16, 1, 0, 34030, [('type_0'  'type_0')  ('type_0'  'type_1')  ('type_0'  874)  ('type_1'  'type_1')  ('type_1'  869)  (869  870)  (869  871)  (870  871)  (870  872)  (871  872)  (871  873)  (872  873)  (872  874)  (873  874)]
54, 2, 0, 33984, [('type_0'  'type_0')  ('type_0'  'type_1')  ('type_0'  874)  ('type_1'  'type_1')  ('type_1'  869)  (869  870)  (870  872)  (872  874)]
22, 1, 2, 33855, [('type_0'  'type_0')  ('type_0'  'type_1')  ('type_0'  875)  ('type_1'  'type_1')  ('type_1'  869)  ('type_1'  870)  (869  870)  (869  871)  (870  871)  (870  872)  (871  872)  (871  873)  (872  873)  (872  874)  (873  874)  (873  875)  (874  875)]
21, 3, 5, 33440, [('type_0'  'type_0')  ('type_0'  'type_1')  ('type_0'  874)  ('type_0'  875)  ('type_1'  'type_1')  ('type_1'  869)  (869  870)  (869  871)  (870  871)  (870  872)  (871  872)  (871  873)  (872  873)  (872  874)  (873  874)  (873  875)  (874  875)]
50, 2, 0, 33422, [('type_0'  'type_0')  ('type_0'  'type_1')  ('type_0'  872)  ('type_1'  'type_1')  ('type_1'  869)  (869  870)  (870  872)]
22, 3, 5, 33007, [('type_0'  'type_0')  ('type_0'  'type_1')  ('type_0'  875)  ('type_1'  'type_1')  ('type_1'  869)  ('type_1'  870)  (869  870)  (869  871)  (870  871)  (870  872)  (871  872)  (871  873)  (872  873)  (872  874)  (873  874)  (873  875)  (874  875)]
8, 4, 0, 32840, [('type_0'  'type_0')  ('type_0'  'type_1')  ('type_0'  872)  ('type_1'  'type_1')  ('type_1'  869)  (869  870)  (869  871)  (870  871)  (870  872)  (871  872)]
54, 1, 0, 32823, [('type_0'  'type_0')  ('type_0'  'type_1')  ('type_0'  874)  ('type_1'  'type_1')  ('type_1'  869)  (869  870)  (870  872)  (872  874)]
22, 2, 3, 32549, [('type_0'  'type_0')  ('type_0'  'type_1')  ('type_0'  875)  ('type_1'  'type_1')  ('type_1'  869)  ('type_1'  870)  (869  870)  (869  871)  (870  871)  (870  872)  (871  872)  (871  873)  (872  873)  (872  874)  (873  874)  (873  875)  (874  875)]
21, 2, 3, 32275, [('type_0'  'type_0')  ('type_0'  'type_1')  ('type_0'  874)  ('type_0'  875)  ('type_1'  'type_1')  ('type_1'  869)  (869  870)  (869  871)  (870  871)  (870  872)  (871  872)  (871  873)  (872  873)  (872  874)  (873  874)  (873  875)  (874  875)]
16, 1, 0, 32178, [('type_0'  'type_0')  ('type_0'  'type_1')  ('type_0'  874)  ('type_1'  'type_1')  ('type_1'  869)  (869  870)  (869  871)  (870  871)  (870  872)  (871  872)  (871  873)  (872  873)  (872  874)  (873  874)]
50, 2, 0, 32160, [('type_0'  'type_0')  ('type_0'  'type_1')  ('type_0'  872)  ('type_1'  'type_1')  ('type_1'  869)  (869  870)  (870  872)]
21, 3, 5, 31745, [('type_0'  'type_0')  ('type_0'  'type_1')  ('type_0'  874)  ('type_0'  875)  ('type_1'  'type_1')  ('type_1'  869)  (869  870)  (869  871)  (870  871)  (870  872)  (871  872)  (871  873)  (872  873)  (872  874)  (873  874)  (873  875)  (874  875)]
16, 1, 0, 31648, [('type_0'  'type_0')  ('type_0'  'type_1')  ('type_0'  874)  ('type_1'  'type_1')  ('type_1'  869)  (869  870)  (869  871)  (870  871)  (870  872)  (871  872)  (871  873)  (872  873)  (872  874)  (873  874)]
12, 6, 6, 31192, [('type_0'  'type_0')  ('type_0'  'type_1')  ('type_0'  873)  ('type_1'  'type_1')  ('type_1'  869)  (869  870)  (869  871)  (870  871)  (870  872)  (871  872)  (871  873)  (872  873)]
50, 4, 0, 31144, [('type_0'  'type_0')  ('type_0'  'type_1')  ('type_0'  872)  ('type_1'  'type_1')  ('type_1'  869)  (869  870)  (870  872)]
21, 2, 4, 30874, [('type_0'  'type_0')  ('type_0'  'type_1')  ('type_0'  874)  ('type_0'  875)  ('type_1'  'type_1')  ('type_1'  869)  (869  870)  (869  871)  (870  871)  (870  872)  (871  872)  (871  873)  (872  873)  (872  874)  (873  874)  (873  875)  (874  875)]
22, 3, 5, 30459, [('type_0'  'type_0')  ('type_0'  'type_1')  ('type_0'  875)  ('type_1'  'type_1')  ('type_1'  869)  ('type_1'  870)  (869  870)  (869  871)  (870  871)  (870  872)  (871  872)  (871  873)  (872  873)  (872  874)  (873  874)  (873  875)  (874  875)]
16, 3, 3, 30156, [('type_0'  'type_0')  ('type_0'  'type_1')  ('type_0'  874)  ('type_1'  'type_1')  ('type_1'  869)  (869  870)  (869  871)  (870  871)  (870  872)  (871  872)  (871  873)  (872  873)  (872  874)  (873  874)]
21, 1, 2, 30027, [('type_0'  'type_0')  ('type_0'  'type_1')  ('type_0'  874)  ('type_0'  875)  ('type_1'  'type_1')  ('type_1'  869)  (869  870)  (869  871)  (870  871)  (870  872)  (871  872)  (871  873)  (872  873)  (872  874)  (873  874)  (873  875)  (874  875)]
8, 1, 0, 29984, [('type_0'  'type_0')  ('type_0'  'type_1')  ('type_0'  872)  ('type_1'  'type_1')  ('type_1'  869)  (869  870)  (869  871)  (870  871)  (870  872)  (871  872)]
54, 1, 0, 29967, [('type_0'  'type_0')  ('type_0'  'type_1')  ('type_0'  874)  ('type_1'  'type_1')  ('type_1'  869)  (869  870)  (870  872)  (872  874)]
21, 1, 2, 29838, [('type_0'  'type_0')  ('type_0'  'type_1')  ('type_0'  874)  ('type_0'  875)  ('type_1'  'type_1')  ('type_1'  869)  (869  870)  (869  871)  (870  871)  (870  872)  (871  872)  (871  873)  (872  873)  (872  874)  (873  874)  (873  875)  (874  875)]
8, 1, 0, 29795, [('type_0'  'type_0')  ('type_0'  'type_1')  ('type_0'  872)  ('type_1'  'type_1')  ('type_1'  869)  (869  870)  (869  871)  (870  871)  (870  872)  (871  872)]
22, 1, 2, 29666, [('type_0'  'type_0')  ('type_0'  'type_1')  ('type_0'  875)  ('type_1'  'type_1')  ('type_1'  869)  ('type_1'  870)  (869  870)  (869  871)  (870  871)  (870  872)  (871  872)  (871  873)  (872  873)  (872  874)  (873  874)  (873  875)  (874  875)]
21, 2, 3, 29392, [('type_0'  'type_0')  ('type_0'  'type_1')  ('type_0'  874)  ('type_0'  875)  ('type_1'  'type_1')  ('type_1'  869)  (869  870)  (869  871)  (870  871)  (870  872)  (871  872)  (871  873)  (872  873)  (872  874)  (873  874)  (873  875)  (874  875)]
50, 2, 0, 29374, [('type_0'  'type_0')  ('type_0'  'type_1')  ('type_0'  872)  ('type_1'  'type_1')  ('type_1'  869)  (869  870)  (870  872)]
21, 3, 6, 28963, [('type_0'  'type_0')  ('type_0'  'type_1')  ('type_0'  874)  ('type_0'  875)  ('type_1'  'type_1')  ('type_1'  869)  (869  870)  (869  871)  (870  871)  (870  872)  (871  872)  (871  873)  (872  873)  (872  874)  (873  874)  (873  875)  (874  875)]
12, 5, 5, 28585, [('type_0'  'type_0')  ('type_0'  'type_1')  ('type_0'  873)  ('type_1'  'type_1')  ('type_1'  869)  (869  870)  (869  871)  (870  871)  (870  872)  (871  872)  (871  873)  (872  873)]
50, 2, 0, 28567, [('type_0'  'type_0')  ('type_0'  'type_1')  ('type_0'  872)  ('type_1'  'type_1')  ('type_1'  869)  (869  870)  (870  872)]
22, 1, 2, 28438, [('type_0'  'type_0')  ('type_0'  'type_1')  ('type_0'  875)  ('type_1'  'type_1')  ('type_1'  869)  ('type_1'  870)  (869  870)  (869  871)  (870  871)  (870  872)  (871  872)  (871  873)  (872  873)  (872  874)  (873  874)  (873  875)  (874  875)]
0, 9, 0, 28462, [('type_0'  'type_0')  ('type_0'  'type_1')  ('type_0'  870)  ('type_1'  'type_1')  ('type_1'  869)  (869  870)]
22, 1, 1, 28329, [('type_0'  'type_0')  ('type_0'  'type_1')  ('type_0'  875)  ('type_1'  'type_1')  ('type_1'  869)  ('type_1'  870)  (869  870)  (869  871)  (870  871)  (870  872)  (871  872)  (871  873)  (872  873)  (872  874)  (873  874)  (873  875)  (874  875)]
0, 10, 0, 28331, [('type_0'  'type_0')  ('type_0'  'type_1')  ('type_0'  870)  ('type_1'  'type_1')  ('type_1'  869)  (869  870)]
16, 1, 1, 28238, [('type_0'  'type_0')  ('type_0'  'type_1')  ('type_0'  874)  ('type_1'  'type_1')  ('type_1'  869)  (869  870)  (869  871)  (870  871)  (870  872)  (871  872)  (871  873)  (872  873)  (872  874)  (873  874)]
8, 3, 2, 28091, [('type_0'  'type_0')  ('type_0'  'type_1')  ('type_0'  872)  ('type_1'  'type_1')  ('type_1'  869)  (869  870)  (869  871)  (870  871)  (870  872)  (871  872)]
12, 3, 3, 27869, [('type_0'  'type_0')  ('type_0'  'type_1')  ('type_0'  873)  ('type_1'  'type_1')  ('type_1'  869)  (869  870)  (869  871)  (870  871)  (870  872)  (871  872)  (871  873)  (872  873)]
8, 2, 2, 27777, [('type_0'  'type_0')  ('type_0'  'type_1')  ('type_0'  872)  ('type_1'  'type_1')  ('type_1'  869)  (869  870)  (869  871)  (870  871)  (870  872)  (871  872)]
22, 3, 5, 27362, [('type_0'  'type_0')  ('type_0'  'type_1')  ('type_0'  875)  ('type_1'  'type_1')  ('type_1'  869)  ('type_1'  870)  (869  870)  (869  871)  (870  871)  (870  872)  (871  872)  (871  873)  (872  873)  (872  874)  (873  874)  (873  875)  (874  875)]
4, 2, 0, 27318, [('type_0'  'type_0')  ('type_0'  'type_1')  ('type_0'  871)  ('type_1'  'type_1')  ('type_1'  869)  (869  870)  (869  871)  (870  871)]
12, 3, 3, 27096, [('type_0'  'type_0')  ('type_0'  'type_1')  ('type_0'  873)  ('type_1'  'type_1')  ('type_1'  869)  (869  870)  (869  871)  (870  871)  (870  872)  (871  872)  (871  873)  (872  873)]
21, 3, 4, 26677, [('type_0'  'type_0')  ('type_0'  'type_1')  ('type_0'  874)  ('type_0'  875)  ('type_1'  'type_1')  ('type_1'  869)  (869  870)  (869  871)  (870  871)  (870  872)  (871  872)  (871  873)  (872  873)  (872  874)  (873  874)  (873  875)  (874  875)]
50, 2, 0, 26659, [('type_0'  'type_0')  ('type_0'  'type_1')  ('type_0'  872)  ('type_1'  'type_1')  ('type_1'  869)  (869  870)  (870  872)]
8, 1, 1, 26619, [('type_0'  'type_0')  ('type_0'  'type_1')  ('type_0'  872)  ('type_1'  'type_1')  ('type_1'  869)  (869  870)  (869  871)  (870  871)  (870  872)  (871  872)]
12, 2, 2, 26475, [('type_0'  'type_0')  ('type_0'  'type_1')  ('type_0'  873)  ('type_1'  'type_1')  ('type_1'  869)  (869  870)  (869  871)  (870  871)  (870  872)  (871  872)  (871  873)  (872  873)]
364, 2, 4, 26231, [('type_0'  'type_0')  ('type_0'  'type_1')  ('type_0'  1091)  ('type_0'  1092)  ('type_1'  'type_1')  ('type_1'  1086)  (1086  1087)  (1086  1088)  (1087  1089)  (1088  1089)  (1088  1090)  (1089  1090)  (1089  1091)  (1090  1091)  (1090  1092)  (1091  1092)]
16, 3, 3, 25928, [('type_0'  'type_0')  ('type_0'  'type_1')  ('type_0'  874)  ('type_1'  'type_1')  ('type_1'  869)  (869  870)  (869  871)  (870  871)  (870  872)  (871  872)  (871  873)  (872  873)  (872  874)  (873  874)]
22, 1, 2, 25799, [('type_0'  'type_0')  ('type_0'  'type_1')  ('type_0'  875)  ('type_1'  'type_1')  ('type_1'  869)  ('type_1'  870)  (869  870)  (869  871)  (870  871)  (870  872)  (871  872)  (871  873)  (872  873)  (872  874)  (873  874)  (873  875)  (874  875)]
8, 3, 2, 25652, [('type_0'  'type_0')  ('type_0'  'type_1')  ('type_0'  872)  ('type_1'  'type_1')  ('type_1'  869)  (869  870)  (869  871)  (870  871)  (870  872)  (871  872)]
12, 4, 4, 25352, [('type_0'  'type_0')  ('type_0'  'type_1')  ('type_0'  873)  ('type_1'  'type_1')  ('type_1'  869)  (869  870)  (869  871)  (870  871)  (870  872)  (871  872)  (871  873)  (872  873)]
8, 3, 2, 25205, [('type_0'  'type_0')  ('type_0'  'type_1')  ('type_0'  872)  ('type_1'  'type_1')  ('type_1'  869)  (869  870)  (869  871)  (870  871)  (870  872)  (871  872)]
54, 1, 0, 25188, [('type_0'  'type_0')  ('type_0'  'type_1')  ('type_0'  874)  ('type_1'  'type_1')  ('type_1'  869)  (869  870)  (870  872)  (872  874)]
16, 1, 1, 25095, [('type_0'  'type_0')  ('type_0'  'type_1')  ('type_0'  874)  ('type_1'  'type_1')  ('type_1'  869)  (869  870)  (869  871)  (870  871)  (870  872)  (871  872)  (871  873)  (872  873)  (872  874)  (873  874)]
8, 4, 4, 24899, [('type_0'  'type_0')  ('type_0'  'type_1')  ('type_0'  872)  ('type_1'  'type_1')  ('type_1'  869)  (869  870)  (869  871)  (870  871)  (870  872)  (871  872)]
21, 2, 3, 24625, [('type_0'  'type_0')  ('type_0'  'type_1')  ('type_0'  874)  ('type_0'  875)  ('type_1'  'type_1')  ('type_1'  869)  (869  870)  (869  871)  (870  871)  (870  872)  (871  872)  (871  873)  (872  873)  (872  874)  (873  874)  (873  875)  (874  875)]
8, 6, 5, 24322, [('type_0'  'type_0')  ('type_0'  'type_1')  ('type_0'  872)  ('type_1'  'type_1')  ('type_1'  869)  (869  870)  (869  871)  (870  871)  (870  872)  (871  872)]
21, 1, 1, 24189, [('type_0'  'type_0')  ('type_0'  'type_1')  ('type_0'  874)  ('type_0'  875)  ('type_1'  'type_1')  ('type_1'  869)  (869  870)  (869  871)  (870  871)  (870  872)  (871  872)  (871  873)  (872  873)  (872  874)  (873  874)  (873  875)  (874  875)]
8, 1, 1, 24149, [('type_0'  'type_0')  ('type_0'  'type_1')  ('type_0'  872)  ('type_1'  'type_1')  ('type_1'  869)  (869  870)  (869  871)  (870  871)  (870  872)  (871  872)]
21, 1, 1, 24016, [('type_0'  'type_0')  ('type_0'  'type_1')  ('type_0'  874)  ('type_0'  875)  ('type_1'  'type_1')  ('type_1'  869)  (869  870)  (869  871)  (870  871)  (870  872)  (871  872)  (871  873)  (872  873)  (872  874)  (873  874)  (873  875)  (874  875)]
8, 7, 6, 23661, [('type_0'  'type_0')  ('type_0'  'type_1')  ('type_0'  872)  ('type_1'  'type_1')  ('type_1'  869)  (869  870)  (869  871)  (870  871)  (870  872)  (871  872)]
12, 2, 1, 23513, [('type_0'  'type_0')  ('type_0'  'type_1')  ('type_0'  873)  ('type_1'  'type_1')  ('type_1'  869)  (869  870)  (869  871)  (870  871)  (870  872)  (871  872)  (871  873)  (872  873)]
173, 3, 0, 23440, [('type_0'  'type_0')  ('type_0'  'type_1')  ('type_0'  1088)  ('type_1'  'type_1')  ('type_1'  1085)  (1085  1086)  (1085  1087)  (1086  1087)  (1086  1088)]
12, 1, 0, 23370, [('type_0'  'type_0')  ('type_0'  'type_1')  ('type_0'  873)  ('type_1'  'type_1')  ('type_1'  869)  (869  870)  (869  871)  (870  871)  (870  872)  (871  872)  (871  873)  (872  873)]
0, 8, 0, 23374, [('type_0'  'type_0')  ('type_0'  'type_1')  ('type_0'  870)  ('type_1'  'type_1')  ('type_1'  869)  (869  870)]
4, 2, 0, 23330, [('type_0'  'type_0')  ('type_0'  'type_1')  ('type_0'  871)  ('type_1'  'type_1')  ('type_1'  869)  (869  870)  (869  871)  (870  871)]
16, 1, 2, 23241, [('type_0'  'type_0')  ('type_0'  'type_1')  ('type_0'  874)  ('type_1'  'type_1')  ('type_1'  869)  (869  870)  (869  871)  (870  871)  (870  872)  (871  872)  (871  873)  (872  873)  (872  874)  (873  874)]
351, 2, 0, 23210, [('type_0'  'type_0')  ('type_0'  'type_1')  ('type_0'  1089)  ('type_1'  'type_1')  ('type_1'  1086)  (1086  1087)  (1086  1088)  (1087  1089)  (1088  1089)]
4, 3, 3, 23147, [('type_0'  'type_0')  ('type_0'  'type_1')  ('type_0'  871)  ('type_1'  'type_1')  ('type_1'  869)  (869  870)  (869  871)  (870  871)]
173, 3, 3, 23042, [('type_0'  'type_0')  ('type_0'  'type_1')  ('type_0'  1088)  ('type_1'  'type_1')  ('type_1'  1085)  (1085  1086)  (1085  1087)  (1086  1087)  (1086  1088)]
208, 3, 1, 22933, [('type_0'  'type_0')  ('type_0'  'type_1')  ('type_0'  147)  ('type_0'  148)  ('type_1'  'type_1')  ('type_1'  2535)  (146  147)  (146  148)  (147  148)  (2535  147)]
0, 3, 0, 22942, [('type_0'  'type_0')  ('type_0'  'type_1')  ('type_0'  870)  ('type_1'  'type_1')  ('type_1'  869)  (869  870)]
8, 1, 1, 22902, [('type_0'  'type_0')  ('type_0'  'type_1')  ('type_0'  872)  ('type_1'  'type_1')  ('type_1'  869)  (869  870)  (869  871)  (870  871)  (870  872)  (871  872)]
4, 2, 1, 22861, [('type_0'  'type_0')  ('type_0'  'type_1')  ('type_0'  871)  ('type_1'  'type_1')  ('type_1'  869)  (869  870)  (869  871)  (870  871)]
16, 1, 1, 22768, [('type_0'  'type_0')  ('type_0'  'type_1')  ('type_0'  874)  ('type_1'  'type_1')  ('type_1'  869)  (869  870)  (869  871)  (870  871)  (870  872)  (871  872)  (871  873)  (872  873)  (872  874)  (873  874)]
4, 3, 3, 22705, [('type_0'  'type_0')  ('type_0'  'type_1')  ('type_0'  871)  ('type_1'  'type_1')  ('type_1'  869)  (869  870)  (869  871)  (870  871)]
124, 2, 0, 22718, [('type_0'  'type_0')  ('type_0'  'type_1')  ('type_0'  216)  ('type_1'  'type_1')  ('type_1'  214)  (214  216)  (1274  216)]
0, 1, 0, 22729, [('type_0'  'type_0')  ('type_0'  'type_1')  ('type_0'  870)  ('type_1'  'type_1')  ('type_1'  869)  (869  870)]
4, 3, 3, 22666, [('type_0'  'type_0')  ('type_0'  'type_1')  ('type_0'  871)  ('type_1'  'type_1')  ('type_1'  869)  (869  870)  (869  871)  (870  871)]
16, 1, 1, 22573, [('type_0'  'type_0')  ('type_0'  'type_1')  ('type_0'  874)  ('type_1'  'type_1')  ('type_1'  869)  (869  870)  (869  871)  (870  871)  (870  872)  (871  872)  (871  873)  (872  873)  (872  874)  (873  874)]
4, 1, 1, 22560, [('type_0'  'type_0')  ('type_0'  'type_1')  ('type_0'  871)  ('type_1'  'type_1')  ('type_1'  869)  (869  870)  (869  871)  (870  871)]
0, 1, 0, 22571, [('type_0'  'type_0')  ('type_0'  'type_1')  ('type_0'  870)  ('type_1'  'type_1')  ('type_1'  869)  (869  870)]
15, 2, 2, 22433, [('type_0'  'type_0')  ('type_0'  'type_1')  ('type_0'  872)  ('type_0'  873)  ('type_1'  'type_1')  ('type_1'  869)  ('type_1'  870)  (869  870)  (869  871)  (870  871)  (870  872)  (871  872)  (871  873)  (872  873)]
0, 2, 0, 22443, [('type_0'  'type_0')  ('type_0'  'type_1')  ('type_0'  870)  ('type_1'  'type_1')  ('type_1'  869)  (869  870)]
4, 1, 1, 22430, [('type_0'  'type_0')  ('type_0'  'type_1')  ('type_0'  871)  ('type_1'  'type_1')  ('type_1'  869)  (869  870)  (869  871)  (870  871)]
0, 1, 1, 22443, [('type_0'  'type_0')  ('type_0'  'type_1')  ('type_0'  870)  ('type_1'  'type_1')  ('type_1'  869)  (869  870)]
124, 1, 0, 22440, [('type_0'  'type_0')  ('type_0'  'type_1')  ('type_0'  216)  ('type_1'  'type_1')  ('type_1'  214)  (214  216)  (1274  216)]
351, 1, 2, 22416, [('type_0'  'type_0')  ('type_0'  'type_1')  ('type_0'  1089)  ('type_1'  'type_1')  ('type_1'  1086)  (1086  1087)  (1086  1088)  (1087  1089)  (1088  1089)]
124, 1, 1, 22416, [('type_0'  'type_0')  ('type_0'  'type_1')  ('type_0'  216)  ('type_1'  'type_1')  ('type_1'  214)  (214  216)  (1274  216)]
8, 1, 2, 22379, [('type_0'  'type_0')  ('type_0'  'type_1')  ('type_0'  872)  ('type_1'  'type_1')  ('type_1'  869)  (869  870)  (869  871)  (870  871)  (870  872)  (871  872)]
16, 1, 1, 22286, [('type_0'  'type_0')  ('type_0'  'type_1')  ('type_0'  874)  ('type_1'  'type_1')  ('type_1'  869)  (869  870)  (869  871)  (870  871)  (870  872)  (871  872)  (871  873)  (872  873)  (872  874)  (873  874)]
0, 2, 1, 22298, [('type_0'  'type_0')  ('type_0'  'type_1')  ('type_0'  870)  ('type_1'  'type_1')  ('type_1'  869)  (869  870)]
4, 1, 1, 22285, [('type_0'  'type_0')  ('type_0'  'type_1')  ('type_0'  871)  ('type_1'  'type_1')  ('type_1'  869)  (869  870)  (869  871)  (870  871)]
12, 1, 1, 22219, [('type_0'  'type_0')  ('type_0'  'type_1')  ('type_0'  873)  ('type_1'  'type_1')  ('type_1'  869)  (869  870)  (869  871)  (870  871)  (870  872)  (871  872)  (871  873)  (872  873)]
2629, 1, 0, 22195, [('type_0'  'type_0')  ('type_0'  'type_1')  ('type_0'  152)  ('type_0'  151)  ('type_1'  'type_1')  ('type_1'  149)  ('type_1'  150)  (149  150)  (149  151)  (150  151)  (150  152)  (151  152)  (642  149)  (642  912)]
3012, 2, 0, 22187, [('type_0'  'type_0')  ('type_0'  'type_1')  ('type_0'  1336)  ('type_0'  977)  ('type_1'  'type_1')  ('type_1'  977)  (977  1336)  (1336  977)]
4357, 1, 0, 22202, [('type_0'  'type_0')  ('type_0'  'type_1')  ('type_0'  977)  ('type_1'  'type_1')  ('type_1'  1337)  (1337  0)  (1337  977)  (977  1337)]
Basic edge list: 81023 bits
Final compression: 22202 bits (27.40209570122064 percent)
Best compression: 22187 bits (27.3835824395542 percent) occurred with 2997 of 3000 nodes compressed (99.9 percent)

real	7m15.583s
user	7m16.346s
sys	0m2.211s
